#! FIELDS time c1c2 c1c3 c2c3 o1o2 o1o3 o2o3 c1o1 c1o2 c1o3 c2o1 c2o2 c2o3 c3o1 c3o2 c3o3
 50.000000 1.552160 2.536756 1.550822 1.409290 4.569247 5.686950 3.712457 4.777883 1.171335 2.293324 3.539390 2.366186 1.477832 2.258533 3.474336
 100.000000 1.485605 2.530360 1.543962 1.432940 4.648853 5.813700 3.718950 4.811425 1.241224 2.351343 3.610881 2.384932 1.474050 2.293515 3.595703
 150.000000 1.494667 2.497651 1.536837 1.440864 4.641514 5.810293 3.662105 4.733460 1.226903 2.335108 3.596697 2.389434 1.435447 2.262354 3.633137
 200.000000 1.511339 2.570881 1.519026 1.416631 4.655048 5.785988 3.734377 4.749008 1.165464 2.365992 3.561970 2.340884 1.507554 2.260548 3.650627
 250.000000 1.490531 2.567177 1.553625 1.440131 4.634630 5.874413 3.569539 4.715276 1.240830 2.281339 3.594004 2.400546 1.440818 2.340398 3.716587
 300.000000 1.492499 2.535977 1.533183 1.401995 4.646686 5.745823 3.559057 4.571400 1.228963 2.341482 3.543993 2.377596 1.482130 2.249471 3.645592
 350.000000 1.531799 2.545971 1.534318 1.454782 4.583425 5.719137 3.494298 4.596545 1.166251 2.329685 3.602377 2.392444 1.465478 2.294194 3.566671
 400.000000 1.544832 2.551873 1.539001 1.414749 4.463093 5.609747 3.318153 4.478430 1.235006 2.307199 3.576139 2.388015 1.407875 2.258769 3.520718
 450.000000 1.496918 2.496653 1.495754 1.439796 4.338646 5.485009 3.164498 4.373970 1.236058 2.345064 3.576861 2.362241 1.475107 2.273323 3.442947
 500.000000 1.545008 2.529617 1.513226 1.415298 4.218666 5.404370 3.114754 4.370046 1.164290 2.338158 3.610519 2.424766 1.496312 2.357448 3.418118
 550.000000 1.542377 2.512017 1.535387 1.435726 4.047330 5.191236 2.872006 4.093255 1.222731 2.300161 3.547271 2.388146 1.438491 2.227441 3.456810
 600.000000 1.520733 2.531202 1.516245 1.438206 4.048493 5.116529 2.818448 3.955294 1.244177 2.365861 3.576493 2.397395 1.463160 2.285214 3.582925
 650.000000 1.531752 2.515155 1.508796 1.451691 3.981884 4.873606 2.816652 3.751699 1.169098 2.411788 3.528360 2.399417 1.475266 2.289119 3.600965
 700.000000 1.510263 2.555473 1.516068 1.445060 3.993740 4.543810 2.875360 3.371116 1.219444 2.383641 3.308467 2.356381 1.502425 2.309291 3.673001
 750.000000 1.514586 2.547907 1.542143 1.438905 4.101640 4.129620 3.038342 3.080348 1.246241 2.504315 3.197318 2.422191 1.427582 2.340146 3.701807
 800.000000 1.497794 2.523983 1.525273 1.412231 4.048945 3.539579 3.009897 2.580035 1.179452 2.416297 2.762300 2.362822 1.425497 2.235018 3.634913
 850.000000 1.511858 2.527451 1.549122 1.425324 4.103263 3.491779 3.115144 2.690826 1.206568 2.494679 2.788551 2.345654 1.458479 2.377899 3.630574
 900.000000 1.500500 2.524508 1.572277 1.422642 4.181808 3.580377 3.259775 2.895299 1.246386 2.494014 2.795245 2.406193 1.444124 2.297847 3.659776
 950.000000 1.486178 2.552285 1.547849 1.444266 4.016673 3.734846 3.384098 3.341260 1.180689 2.464975 3.045883 2.342702 1.413199 2.277279 3.501073
 1000.000000 1.517867 2.503620 1.528046 1.407852 3.894958 4.032435 3.293336 3.540063 1.200302 2.441773 3.262433 2.369727 1.471778 2.279169 3.464829
 1050.000000 1.480041 2.529438 1.536052 1.441580 3.911537 4.290961 3.189717 3.621242 1.241013 2.439071 3.395524 2.387729 1.482058 2.400464 3.580822
 1100.000000 1.531757 2.596751 1.501437 1.430086 3.978832 4.232222 3.115279 3.308257 1.194161 2.414701 3.175992 2.380467 1.418032 2.242134 3.637539
 1150.000000 1.549021 2.519403 1.512944 1.442655 4.040849 4.079440 2.894182 2.961733 1.190017 2.469065 3.169356 2.380763 1.493817 2.336778 3.626493
 1200.000000 1.505411 2.570597 1.497994 1.427518 4.150601 3.872899 2.972402 2.888128 1.245740 2.530073 3.044114 2.355137 1.484103 2.328074 3.577775
 1250.000000 1.557089 2.470796 1.559465 1.447668 3.824510 3.442183 2.837278 2.739127 1.200189 2.455043 3.095935 2.423681 1.415322 2.288596 3.289101
 1300.000000 1.498329 2.518466 1.598774 1.410720 3.635299 3.172116 2.995777 2.791945 1.187320 2.448817 2.984686 2.366387 1.419258 2.294975 3.017043
 1350.000000 1.532751 2.559067 1.512320 1.422947 3.744728 3.255616 3.345140 3.022718 1.247629 2.492747 2.849586 2.446629 1.463051 2.295534 2.927739
 1400.000000 1.575487 2.547261 1.487017 1.474478 3.733504 3.497112 3.546084 3.416783 1.203562 2.364177 2.768198 2.349494 1.406846 2.244901 2.666555
 1450.000000 1.541947 2.646138 1.532607 1.358867 4.146161 4.245523 3.756552 3.927829 1.183538 2.509858 3.029544 2.403278 1.475041 2.378482 2.951538
 1500.000000 1.503720 2.596830 1.562558 1.459760 4.130497 4.331239 3.742480 3.992953 1.244293 2.389153 2.842851 2.373959 1.420200 2.273720 2.815182
 1550.000000 1.512926 2.474571 1.481436 1.429492 4.212488 4.603188 3.852551 4.185302 1.210371 2.520042 2.876475 2.376004 1.516674 2.319630 2.714255
 1600.000000 1.508879 2.586712 1.538682 1.436025 4.315793 4.942212 3.824263 4.346233 1.176960 2.433692 2.963598 2.385590 1.471504 2.322981 2.891092
 1650.000000 1.475846 2.614850 1.564927 1.427163 4.272365 5.087423 3.766727 4.427812 1.237172 2.413086 3.016792 2.399031 1.408380 2.322389 2.943003
 1700.000000 1.513517 2.469251 1.503922 1.412595 4.020489 4.907485 3.725003 4.329428 1.230177 2.450490 2.881585 2.385526 1.456148 2.267571 2.728923
 1750.000000 1.545743 2.542710 1.506993 1.448155 4.040601 4.998724 3.710883 4.378090 1.179267 2.470879 2.871590 2.427559 1.463837 2.325880 2.859752
 1800.000000 1.513367 2.555203 1.512556 1.413036 4.027572 4.948230 3.620466 4.240627 1.225496 2.416118 2.785062 2.437666 1.427393 2.333228 2.892061
 1850.000000 1.493501 2.488761 1.548366 1.449486 3.810104 4.735441 3.481141 4.083591 1.233219 2.416100 2.689080 2.398372 1.453237 2.285942 2.726620
 1900.000000 1.552647 2.583734 1.542217 1.457388 3.849593 4.929409 3.467334 4.285825 1.177204 2.510861 2.971276 2.423562 1.462901 2.301812 2.913199
 1950.000000 1.542123 2.566012 1.501550 1.426842 3.683127 4.894163 3.280820 4.263451 1.220165 2.445264 3.077498 2.426544 1.467142 2.304424 2.925871
 2000.000000 1.493085 2.478877 1.547474 1.457880 3.342306 4.646686 3.002909 4.069174 1.240959 2.396947 3.078652 2.372614 1.429479 2.289419 2.768109
 2050.000000 1.497856 2.555856 1.572398 1.391791 3.369369 4.537932 3.097567 3.992375 1.178450 2.477989 3.066016 2.368348 1.394389 2.242756 2.889154
 2100.000000 1.502711 2.573666 1.538690 1.446628 3.369932 4.405460 3.177481 3.873838 1.203961 2.449985 2.888126 2.392107 1.455593 2.347703 2.883159
 2150.000000 1.469972 2.466112 1.493750 1.418035 3.328769 4.228321 3.168379 3.672295 1.251053 2.436271 2.696545 2.357589 1.488683 2.328384 2.702307
 2200.000000 1.521048 2.610656 1.549176 1.446201 3.556261 4.505144 3.272766 3.887217 1.184656 2.485385 2.881018 2.397169 1.429167 2.342825 2.950998
 2250.000000 1.469230 2.523215 1.568139 1.407691 3.606442 4.643701 3.145841 3.892248 1.188884 2.508465 2.955532 2.362424 1.495675 2.331804 2.929639
 2300.000000 1.509416 2.467436 1.511942 1.483554 3.526179 4.764469 3.006406 4.000842 1.252367 2.364008 2.955683 2.413323 1.428110 2.278876 2.869640
 2350.000000 1.565433 2.580170 1.493632 1.420789 3.804300 5.012251 3.322378 4.329026 1.194099 2.535764 3.195558 2.432451 1.500159 2.328961 3.010746
 2400.000000 1.510985 2.532360 1.545217 1.407931 3.669822 4.881571 3.239153 4.257893 1.181933 2.396908 3.061563 2.400551 1.423139 2.274556 2.885644
 2450.000000 1.506999 2.478374 1.548624 1.438128 3.578862 4.770161 3.331482 4.267873 1.248465 2.461149 3.026120 2.388693 1.385734 2.278457 2.688737
 2500.000000 1.555805 2.646173 1.519569 1.407943 3.801778 4.919346 3.519558 4.366644 1.199543 2.426643 2.966009 2.447555 1.454153 2.271882 2.993080
 2550.000000 1.491278 2.503256 1.536512 1.434799 3.718362 4.777626 3.559161 4.307755 1.185746 2.511307 2.946288 2.357019 1.449574 2.341495 2.754213
 2600.000000 1.500475 2.549566 1.569324 1.428172 3.805688 4.804745 3.557938 4.225663 1.246296 2.436485 2.807035 2.410925 1.457683 2.321028 2.808542
 2650.000000 1.507511 2.596720 1.509429 1.428747 4.068813 5.030949 3.622263 4.324273 1.208277 2.470143 2.899667 2.415185 1.420756 2.274863 2.967174
 2700.000000 1.535822 2.456099 1.524276 1.441444 3.951665 4.943178 3.491573 4.323670 1.182314 2.433243 2.914925 2.409615 1.458550 2.288262 2.758797
 2750.000000 1.494089 2.481345 1.500972 1.462000 4.000658 5.137622 3.520484 4.530901 1.229870 2.435041 3.159060 2.431548 1.471141 2.352687 2.839475
 2800.000000 1.543900 2.568341 1.513982 1.412396 3.957329 5.099753 3.602142 4.593669 1.217184 2.430202 3.165610 2.448857 1.462015 2.286668 2.881161
 2850.000000 1.532546 2.462417 1.516272 1.431541 3.760265 4.897563 3.585488 4.499925 1.185535 2.472484 3.097634 2.383790 1.430440 2.289518 2.672149
 2900.000000 1.505083 2.558624 1.554560 1.454408 3.933628 5.043443 3.629329 4.470116 1.228455 2.431031 3.019955 2.413961 1.434941 2.330751 2.866094
 2950.000000 1.498093 2.613900 1.549092 1.409616 4.158310 5.010264 3.741595 4.316667 1.228290 2.476926 2.836586 2.415383 1.473123 2.266194 2.948117
 3000.000000 1.524921 2.508223 1.522358 1.420806 4.028743 4.825281 3.764328 4.273255 1.184316 2.501438 2.778091 2.352476 1.392076 2.285082 2.687499
 3050.000000 1.485887 2.524543 1.565009 1.418128 4.149172 4.885867 3.752167 4.288109 1.227160 2.444587 2.874970 2.380449 1.436426 2.333035 2.753241
 3100.000000 1.480244 2.580618 1.568175 1.445192 4.301385 5.000599 3.801397 4.464016 1.231572 2.455934 3.197688 2.405398 1.433051 2.285970 2.905794
 3150.000000 1.535357 2.470994 1.501664 1.401455 4.143892 4.772252 3.777579 4.514710 1.180524 2.437327 3.369551 2.371559 1.472896 2.307690 2.681454
 3200.000000 1.515355 2.495940 1.526329 1.448740 4.099334 4.705919 3.732591 4.604331 1.222088 2.396825 3.474781 2.384053 1.446459 2.371741 2.712045
 3250.000000 1.515356 2.588570 1.576633 1.413116 4.309818 4.694909 3.788552 4.521337 1.240879 2.424408 3.389878 2.444807 1.470878 2.270878 3.039633
 3300.000000 1.508540 2.487783 1.508339 1.448141 4.237399 4.460115 3.729095 4.327561 1.179237 2.397581 3.233715 2.334899 1.453261 2.283058 3.041625
 3350.000000 1.564515 2.508955 1.476127 1.411497 4.404457 4.432728 3.795019 4.192877 1.203386 2.461682 3.075001 2.439077 1.463242 2.347268 3.259148
 3400.000000 1.525120 2.542060 1.535599 1.406447 4.488846 4.246912 3.716239 3.849511 1.243564 2.377707 2.647434 2.415335 1.436396 2.286654 3.492881
 3450.000000 1.526207 2.576956 1.516135 1.447520 4.688782 4.549298 3.805636 3.987440 1.194445 2.501135 2.785020 2.408807 1.447771 2.389667 3.626297
 3500.000000 1.491547 2.531623 1.526688 1.368373 4.762068 4.803652 3.789024 4.034890 1.201647 2.488644 2.890866 2.371134 1.462235 2.271229 3.642455
 3550.000000 1.499075 2.610535 1.560675 1.504945 4.740510 5.058697 3.803143 4.197447 1.243294 2.436657 3.035839 2.319412 1.454754 2.338272 3.718318
 3600.000000 1.487709 2.537635 1.551895 1.399633 4.790559 5.293066 3.763875 4.250433 1.189872 2.448660 3.095653 2.361922 1.440072 2.309996 3.644903
 3650.000000 1.509394 2.586700 1.557613 1.423255 4.815696 5.432969 3.834764 4.367000 1.201194 2.481740 3.100700 2.387871 1.427568 2.312507 3.636885
 3700.000000 1.505184 2.535082 1.555658 1.409935 4.637714 5.298364 3.731751 4.269851 1.238999 2.387801 2.925684 2.379760 1.416472 2.224791 3.565965
 3750.000000 1.464699 2.516679 1.542848 1.412434 4.636519 5.358143 3.797472 4.435360 1.202715 2.520808 3.033501 2.340640 1.449146 2.375817 3.482846
 3800.000000 1.529801 2.518103 1.516185 1.450853 4.607977 5.213263 3.757674 4.347786 1.194985 2.461109 2.845582 2.409711 1.451072 2.345899 3.533495
 3850.000000 1.504099 2.551734 1.511432 1.423438 4.608697 5.043568 3.734331 4.200112 1.233500 2.399566 2.715774 2.373020 1.461225 2.240432 3.626078
 3900.000000 1.487905 2.483011 1.490942 1.442448 4.738497 5.236722 3.751240 4.380537 1.204196 2.451543 2.924134 2.348892 1.452951 2.409655 3.600164
 3950.000000 1.537963 2.554215 1.539612 1.420742 4.738715 5.301586 3.723166 4.441746 1.190384 2.389640 2.969426 2.382293 1.422654 2.292770 3.656023
 4000.000000 1.531286 2.565363 1.534288 1.431912 4.829457 5.486823 3.765305 4.596987 1.234913 2.414287 3.151774 2.439720 1.495649 2.332071 3.658921
 4050.000000 1.496127 2.474231 1.487367 1.445134 4.771538 5.519570 3.683750 4.597112 1.209060 2.442694 3.211729 2.404336 1.460827 2.317306 3.524336
 4100.000000 1.581217 2.583340 1.497657 1.411174 4.715505 5.386585 3.725621 4.596520 1.185222 2.408469 3.087245 2.382106 1.438936 2.279758 3.504652
 4150.000000 1.551598 2.518125 1.514098 1.407127 4.759709 5.229181 3.700425 4.382243 1.224722 2.419174 2.883097 2.430223 1.424982 2.264640 3.532099
 4200.000000 1.472320 2.557620 1.542155 1.438735 4.843900 5.154348 3.809287 4.360540 1.223261 2.495761 2.918434 2.392542 1.457400 2.378653 3.615044
 4250.000000 1.526461 2.530090 1.534899 1.446630 4.724208 4.872970 3.779521 4.194865 1.186143 2.402681 2.806186 2.370550 1.475775 2.285767 3.563711
 4300.000000 1.531417 2.545409 1.519073 1.431947 4.788069 5.020566 3.807892 4.256263 1.214244 2.482756 3.074852 2.417895 1.411171 2.316395 3.645981
 4350.000000 1.466332 2.537198 1.555267 1.405194 4.704600 4.977101 3.714736 4.070987 1.227466 2.460775 3.131059 2.353600 1.495161 2.318648 3.684014
 4400.000000 1.480929 2.629196 1.587016 1.451577 4.648767 4.864293 3.602746 3.803319 1.190073 2.453815 3.128859 2.339184 1.427667 2.313648 3.729900
 4450.000000 1.483248 2.525214 1.528489 1.399565 4.557958 4.694868 3.382297 3.490500 1.212867 2.418155 3.089643 2.388136 1.424949 2.311257 3.598974
 4500.000000 1.513833 2.511042 1.529088 1.419725 4.467685 4.322404 3.299568 3.167474 1.227826 2.489113 3.031039 2.404979 1.433947 2.235403 3.491759
 4550.000000 1.519429 2.494264 1.523567 1.417991 4.090520 3.932965 3.057316 2.969241 1.179983 2.459599 3.092359 2.313365 1.454557 2.397631 3.290097
 4600.000000 1.510131 2.558904 1.535688 1.428650 3.971356 3.443845 3.072616 2.719069 1.210779 2.483571 2.894664 2.420180 1.442784 2.334832 3.311836
 4650.000000 1.539017 2.437631 1.530185 1.429946 3.729295 3.108823 2.834729 2.445843 1.225245 2.410548 2.843810 2.403119 1.432566 2.240356 3.130791
 4700.000000 1.552645 2.537045 1.549615 1.469841 3.858766 3.277021 3.136268 2.838730 1.196501 2.604736 3.070063 2.428893 1.531299 2.348852 3.144633
 4750.000000 1.528878 2.554944 1.536159 1.415413 3.846500 3.653264 3.131083 3.203359 1.199885 2.369151 3.102288 2.406881 1.392638 2.260376 3.088556
 4800.000000 1.472286 2.438837 1.535865 1.398881 4.081084 4.185466 3.279484 3.529877 1.233803 2.476717 3.292974 2.358574 1.475077 2.345161 2.993856
 4850.000000 1.506044 2.621492 1.540511 1.449743 4.387464 4.423795 3.566849 3.654199 1.202593 2.479141 3.117567 2.390853 1.482962 2.317749 3.201395
 4900.000000 1.521572 2.405270 1.492084 1.443556 4.282313 4.435060 3.454610 3.489227 1.191259 2.445446 3.003423 2.353788 1.428119 2.301387 3.009468
 4950.000000 1.497905 2.550618 1.520943 1.412445 4.515030 4.550444 3.544077 3.422297 1.230434 2.409746 2.705667 2.435950 1.446198 2.310819 3.289613
 5000.000000 1.558200 2.444116 1.570974 1.454752 4.566735 4.690082 3.503048 3.494632 1.208237 2.486232 2.920936 2.402121 1.422978 2.327838 3.340574
 5050.000000 1.516860 2.579950 1.474008 1.423293 4.734076 4.784046 3.635451 3.599005 1.194426 2.496330 2.987590 2.362725 1.487389 2.261481 3.589043
 5100.000000 1.522687 2.503443 1.536708 1.451279 4.456599 4.755395 3.304530 3.613973 1.228145 2.395435 3.287200 2.455315 1.407633 2.311554 3.683720
 5150.000000 1.530961 2.644929 1.567455 1.417766 4.284918 4.562209 3.252274 3.461516 1.220478 2.506943 3.272549 2.367170 1.508000 2.301392 3.747879
 5200.000000 1.499982 2.469239 1.495745 1.437925 3.931093 4.172064 2.882196 3.113268 1.188826 2.439722 3.213691 2.378600 1.423649 2.265186 3.590259
 5250.000000 1.546458 2.508922 1.530090 1.439129 3.866376 3.893816 2.711533 2.747151 1.220586 2.461143 3.069412 2.368165 1.454750 2.289179 3.632199
 5300.000000 1.506593 2.620457 1.517655 1.448057 4.151619 4.129365 2.995604 2.955147 1.225789 2.498672 3.042813 2.366471 1.419032 2.318330 3.723920
 5350.000000 1.578508 2.593724 1.541868 1.411837 4.020664 4.234758 2.867582 3.110778 1.197201 2.419420 3.179248 2.475086 1.454123 2.231392 3.734671
 5400.000000 1.529096 2.513656 1.494403 1.453831 3.988813 4.406976 2.788108 3.251160 1.226546 2.259034 3.270866 2.454380 1.448508 2.378494 3.667233
 5450.000000 1.513991 2.579083 1.494175 1.408073 4.350196 4.580900 3.143299 3.384687 1.222570 2.497863 3.254045 2.380581 1.464324 2.282649 3.676383
 5500.000000 1.532857 2.487741 1.539350 1.457041 4.244946 4.465749 3.074086 3.304604 1.189215 2.431469 3.277476 2.347764 1.440122 2.271312 3.555169
 5550.000000 1.511423 2.559676 1.544154 1.408762 4.368084 4.357623 3.164786 3.165829 1.220056 2.481704 3.142022 2.358059 1.467867 2.334221 3.628601
 5600.000000 1.489204 2.583333 1.537998 1.463565 4.424370 4.070342 3.207038 2.911278 1.221198 2.482922 2.919536 2.420372 1.413894 2.282356 3.692083
 5650.000000 1.531507 2.492420 1.554831 1.424628 4.280534 3.937065 3.102218 2.810478 1.187051 2.450696 2.917326 2.386124 1.452642 2.293976 3.574689
 5700.000000 1.497988 2.564753 1.519659 1.432509 4.375203 4.179548 3.204651 2.988303 1.210620 2.501752 2.994181 2.288478 1.451321 2.321989 3.608657
 5750.000000 1.497924 2.453161 1.525861 1.433321 4.223351 4.366079 3.033135 3.205761 1.227468 2.392890 3.196163 2.409579 1.421653 2.256467 3.618954
 5800.000000 1.485026 2.663354 1.539903 1.453057 4.279678 4.563948 3.145776 3.418585 1.195280 2.460528 3.235464 2.398400 1.502153 2.326482 3.782585
 5850.000000 1.515515 2.556260 1.533577 1.426130 4.051895 4.446064 2.875359 3.287492 1.210820 2.417170 3.291376 2.398885 1.469559 2.301852 3.691745
 5900.000000 1.504461 2.410432 1.551246 1.424528 3.907247 4.229676 2.689517 3.088041 1.224200 2.443139 3.315806 2.339038 1.454010 2.274231 3.540569
 5950.000000 1.457376 2.554475 1.544661 1.419366 4.221805 4.165968 3.037565 3.079574 1.193710 2.568841 3.163729 2.271473 1.438246 2.300671 3.594158
 6000.000000 1.531480 2.544351 1.565038 1.465017 4.130643 3.913513 2.923699 2.809802 1.207402 2.399709 3.022080 2.416332 1.440541 2.280931 3.629967
 6050.000000 1.526477 2.574487 1.509248 1.446882 4.369359 4.137682 3.131537 2.973498 1.239514 2.427235 3.003018 2.483909 1.461810 2.366020 3.704780
 6100.000000 1.528090 2.596603 1.505373 1.417588 4.412992 4.373482 3.251726 3.197668 1.190807 2.427316 3.042774 2.365225 1.429763 2.296089 3.634125
 6150.000000 1.548452 2.457736 1.540100 1.460599 4.412579 4.481912 3.246262 3.314696 1.199798 2.478499 3.221198 2.391450 1.449235 2.252614 3.567036
 6200.000000 1.533742 2.594290 1.460858 1.446559 4.474369 4.573539 3.304714 3.350130 1.237637 2.483235 3.158299 2.368837 1.488219 2.335283 3.671988
 6250.000000 1.547807 2.474591 1.486818 1.433261 4.222130 4.346663 3.051158 3.218633 1.197708 2.365049 3.187639 2.456766 1.417765 2.289964 3.612081
 6300.000000 1.559880 2.660059 1.575941 1.426100 4.297233 4.075060 3.108306 2.925275 1.201108 2.480091 2.992729 2.429336 1.433860 2.227463 3.762132
 6350.000000 1.521836 2.544540 1.530863 1.449037 4.079091 3.882716 2.849183 2.753023 1.230428 2.435371 3.050350 2.380088 1.419664 2.368047 3.651374
 6400.000000 1.562875 2.506052 1.497084 1.423783 4.064274 3.971668 2.869751 2.911647 1.211023 2.423909 3.091772 2.394468 1.425783 2.226767 3.534601
 6450.000000 1.525233 2.534553 1.547498 1.448839 4.219117 4.216634 3.058298 3.214987 1.189633 2.521136 3.266782 2.420129 1.479798 2.293820 3.551013
 6500.000000 1.518377 2.542265 1.539383 1.420888 4.199850 4.323359 3.000323 3.175384 1.218394 2.363616 3.170486 2.365822 1.421261 2.301070 3.561283
 6550.000000 1.516151 2.510956 1.494471 1.448223 4.458355 4.337552 3.250805 3.149324 1.226653 2.483993 3.074420 2.414598 1.446423 2.281506 3.632340
 6600.000000 1.513708 2.522458 1.484187 1.421155 4.375556 4.128164 3.247412 3.005962 1.189809 2.412570 2.874184 2.354908 1.474423 2.283060 3.605580
 6650.000000 1.497564 2.507392 1.537491 1.456545 4.319575 3.972987 3.193445 2.937464 1.217714 2.437850 2.888054 2.368941 1.447970 2.378133 3.651118
 6700.000000 1.495339 2.587912 1.555475 1.427234 4.326776 3.799519 3.207458 2.766625 1.225886 2.451149 2.741530 2.409849 1.442789 2.261399 3.747294
 6750.000000 1.514487 2.532229 1.542636 1.431658 4.147232 3.816307 3.040280 2.797974 1.185041 2.456653 2.972531 2.390301 1.437639 2.355036 3.661142
 6800.000000 1.484049 2.583177 1.554413 1.442460 4.175904 4.074496 3.046205 2.911511 1.215269 2.505204 3.025437 2.285882 1.499800 2.283839 3.670429
 6850.000000 1.464623 2.431163 1.541048 1.454885 4.065643 4.291044 2.888355 3.148890 1.225348 2.502591 3.290231 2.357729 1.432864 2.268348 3.602638
 6900.000000 1.523463 2.541998 1.542795 1.422079 4.012989 4.423788 2.833313 3.271921 1.192562 2.421555 3.309142 2.335577 1.450642 2.289033 3.625589
 6950.000000 1.536957 2.608894 1.531268 1.431014 4.198824 4.471118 2.996993 3.317384 1.206678 2.443745 3.255852 2.411900 1.466321 2.281448 3.706047
 7000.000000 1.539962 2.503587 1.498906 1.429698 4.219750 4.277668 2.995085 3.125068 1.234373 2.407695 3.173756 2.487183 1.452618 2.287041 3.666197
 7050.000000 1.507033 2.544380 1.477388 1.449985 4.248437 4.024949 3.070022 2.871733 1.199258 2.394156 2.940026 2.357981 1.436553 2.334647 3.619615
 7100.000000 1.542263 2.537095 1.528096 1.410115 4.312633 3.910946 3.131256 2.772531 1.199944 2.463284 2.863372 2.393956 1.432642 2.283637 3.633933
 7150.000000 1.566845 2.546097 1.543783 1.431348 4.462600 4.019496 3.256322 2.862046 1.242494 2.484591 2.835325 2.467589 1.433659 2.243419 3.705272
 7200.000000 1.523030 2.587642 1.487269 1.431496 4.434187 4.271955 3.319810 3.160301 1.198647 2.431623 2.943583 2.352230 1.449217 2.374435 3.659416
 7250.000000 1.501429 2.494315 1.525690 1.460097 4.500507 4.450821 3.375353 3.337008 1.188335 2.479025 3.087327 2.378374 1.458638 2.254684 3.617223
 7300.000000 1.522056 2.632224 1.551303 1.437530 4.551446 4.638391 3.415669 3.441439 1.241606 2.476537 3.119570 2.373313 1.450335 2.254259 3.743545
 7350.000000 1.536235 2.535474 1.499360 1.426662 4.355170 4.619413 3.195179 3.451827 1.204166 2.358230 3.226488 2.412726 1.424910 2.366020 3.643819
 7400.000000 1.559232 2.597537 1.503657 1.437607 4.447909 4.402963 3.279349 3.232640 1.193204 2.446282 3.064206 2.429321 1.448243 2.210862 3.676681
 7450.000000 1.512038 2.485595 1.521946 1.435868 4.264602 4.101730 3.035829 2.940261 1.232171 2.458711 3.081845 2.407851 1.457484 2.328350 3.605241
 7500.000000 1.504098 2.534284 1.506443 1.457331 4.189951 3.849619 2.988070 2.720313 1.206972 2.435565 2.924907 2.353460 1.440211 2.307408 3.590874
 7550.000000 1.499869 2.528058 1.532957 1.408031 4.290187 4.048770 3.106598 2.966372 1.191608 2.538364 3.078313 2.387100 1.444529 2.280963 3.587557
 7600.000000 1.478468 2.470298 1.562437 1.427860 4.180792 4.219541 2.972236 3.096583 1.230745 2.430142 3.194235 2.336424 1.470580 2.317332 3.484177
 7650.000000 1.512406 2.586246 1.547731 1.450322 4.356049 4.321773 3.163687 3.180978 1.216292 2.469621 3.146012 2.372100 1.456233 2.312488 3.600081
 7700.000000 1.507292 2.550562 1.561660 1.456204 4.328657 4.217645 3.144597 3.088547 1.189013 2.454226 3.096586 2.398592 1.433623 2.297294 3.640569
 7750.000000 1.505582 2.574717 1.586524 1.397254 4.300230 4.055392 3.120535 2.894831 1.228465 2.472218 2.961746 2.357833 1.444862 2.281765 3.703613
 7800.000000 1.520197 2.544130 1.515393 1.449910 4.230758 3.886741 3.153346 2.877770 1.212538 2.472431 2.949267 2.389800 1.440508 2.332600 3.673418
 7850.000000 1.531782 2.473270 1.452561 1.445537 4.087613 3.712584 3.160063 2.888545 1.184725 2.470728 2.951085 2.415209 1.473086 2.283955 3.566418
 7900.000000 1.518779 2.531322 1.526109 1.417869 3.924464 3.620646 3.159287 2.957995 1.232687 2.467126 2.985934 2.369870 1.451583 2.288917 3.568450
 7950.000000 1.530230 2.483973 1.531260 1.407303 3.753652 3.530043 2.995199 2.904000 1.225830 2.405644 3.043193 2.427776 1.430722 2.306288 3.544013
 8000.000000 1.557667 2.589235 1.502495 1.437672 3.769578 3.417348 3.149599 2.952795 1.184022 2.460099 3.008724 2.426718 1.408629 2.320901 3.524429
 8050.000000 1.543796 2.446128 1.518339 1.413173 3.709090 3.309286 3.010237 2.733642 1.214612 2.418380 2.917719 2.376721 1.494454 2.271548 3.472969
 8100.000000 1.513845 2.535525 1.565096 1.442669 3.908090 3.394276 3.113495 2.745578 1.243182 2.561939 2.956862 2.369765 1.458060 2.341135 3.577361
 8150.000000 1.521762 2.562577 1.555730 1.429005 3.947175 3.470162 3.069807 2.723181 1.179763 2.453558 2.878669 2.398324 1.381801 2.264896 3.626558
 8200.000000 1.536940 2.546203 1.515742 1.419029 4.041650 3.712242 3.092063 2.818535 1.213890 2.447226 2.929533 2.375605 1.483436 2.324260 3.638767
 8250.000000 1.505237 2.517031 1.477385 1.451318 4.168103 4.036866 3.092900 2.998907 1.234224 2.422840 3.033496 2.429186 1.475283 2.322755 3.678210
 8300.000000 1.526902 2.595109 1.550552 1.448378 4.221336 4.359996 3.104281 3.238279 1.182116 2.428803 3.186197 2.381649 1.415970 2.274347 3.700868
 8350.000000 1.494334 2.572124 1.548358 1.441575 4.228214 4.501137 3.028363 3.322771 1.213511 2.404718 3.254076 2.332267 1.434286 2.302154 3.632619
 8400.000000 1.511750 2.444886 1.495069 1.407055 4.236796 4.444537 3.016236 3.318096 1.225742 2.471598 3.332515 2.414683 1.493470 2.348426 3.522490
 8450.000000 1.506687 2.564776 1.511445 1.477951 4.272282 4.237368 3.107542 3.126893 1.189468 2.430336 3.105308 2.325731 1.477520 2.295114 3.540143
 8500.000000 1.444151 2.511088 1.620387 1.395055 4.300203 4.102672 3.100871 2.989694 1.201740 2.551797 3.109731 2.348208 1.440519 2.374691 3.598579
 8550.000000 1.498524 2.592562 1.601290 1.451682 4.380955 3.937663 3.173066 2.738978 1.227794 2.433331 2.754508 2.366552 1.409284 2.246462 3.659044
 8600.000000 1.594254 2.527504 1.512532 1.409018 4.454763 4.178522 3.285507 3.039547 1.195706 2.513719 2.970857 2.428813 1.453902 2.344252 3.614486
 8650.000000 1.474926 2.548160 1.494331 1.448814 4.433450 4.299035 3.297579 3.133017 1.202323 2.385333 2.887483 2.332038 1.441278 2.238094 3.625242
 8700.000000 1.501871 2.529167 1.539479 1.421784 4.489247 4.567715 3.301677 3.402479 1.231414 2.514711 3.233096 2.430687 1.443965 2.307172 3.698635
 8750.000000 1.564539 2.571567 1.473615 1.475728 4.311505 4.513937 3.167271 3.323313 1.206942 2.347278 3.145643 2.392596 1.461844 2.284253 3.644215
 8800.000000 1.583581 2.498603 1.466638 1.397991 4.338302 4.413925 3.143242 3.270531 1.199022 2.535571 3.275810 2.458477 1.466454 2.301243 3.603744
 8850.000000 1.529836 2.501227 1.499267 1.453797 4.143494 4.047120 2.919947 2.882150 1.229709 2.365243 3.026080 2.390862 1.449464 2.252054 3.588028
 8900.000000 1.541567 2.591890 1.562055 1.456063 4.199107 3.918427 2.988200 2.812429 1.213118 2.482044 3.051308 2.417623 1.428662 2.358717 3.677859
 8950.000000 1.522908 2.584102 1.524853 1.429807 4.248076 3.997739 3.054379 2.906838 1.200792 2.406876 2.963835 2.438054 1.415822 2.236814 3.645429
 9000.000000 1.537205 2.500450 1.537518 1.393119 4.242420 4.246805 3.035701 3.090505 1.223175 2.456853 3.171624 2.366924 1.477242 2.311023 3.525472
 9050.000000 1.497797 2.530206 1.532663 1.477310 4.360650 4.379742 3.168413 3.211551 1.211230 2.491205 3.203211 2.330959 1.388147 2.311084 3.577471
 9100.000000 1.483500 2.521488 1.535279 1.410051 4.388644 4.309823 3.212322 3.152801 1.193765 2.454945 3.049366 2.367170 1.490006 2.261391 3.611425
 9150.000000 1.535118 2.558227 1.505462 1.457381 4.392908 4.237367 3.220672 3.083124 1.217798 2.436494 3.021731 2.408050 1.444330 2.354675 3.674979
 9200.000000 1.535016 2.515801 1.486726 1.425496 4.284613 4.036040 3.142410 2.939720 1.218732 2.389025 2.924408 2.414279 1.450605 2.331112 3.653070
 9250.000000 1.451092 2.523956 1.529330 1.434646 4.267079 3.906532 3.191330 2.910066 1.196208 2.503693 2.924058 2.347809 1.478852 2.311983 3.658143
 9300.000000 1.510851 2.499926 1.557472 1.451627 4.077627 3.850698 3.058236 2.864892 1.213148 2.461418 3.019078 2.319802 1.407538 2.289439 3.607430
 9350.000000 1.499352 2.521288 1.548951 1.435378 4.041570 3.821121 3.043402 2.857511 1.222576 2.509190 3.041666 2.362883 1.500832 2.331285 3.644502
 9400.000000 1.535929 2.613356 1.585300 1.428661 4.013060 3.843944 3.027928 2.876220 1.200878 2.479036 3.030699 2.412539 1.416772 2.267027 3.717345
 9450.000000 1.489583 2.570219 1.606831 1.461120 3.984038 3.918280 2.934886 2.891833 1.206877 2.472307 3.106423 2.366137 1.430378 2.318071 3.702282
 9500.000000 1.486576 2.539249 1.510316 1.421836 4.114543 4.059769 3.002094 2.942381 1.224407 2.453246 3.032826 2.373164 1.486668 2.270815 3.679254
 9550.000000 1.601167 2.518432 1.488116 1.449494 4.225973 4.215475 3.093254 3.090090 1.201551 2.472343 3.181506 2.434414 1.393796 2.285634 3.635558
 9600.000000 1.509885 2.558450 1.513239 1.432496 4.267295 4.245123 3.083111 3.060993 1.210035 2.389740 3.042485 2.348733 1.472693 2.293943 3.624630
 9650.000000 1.535191 2.536382 1.506024 1.419042 4.400025 4.280804 3.178380 3.129497 1.224670 2.449189 3.092862 2.485476 1.424556 2.318141 3.644146
 9700.000000 1.593191 2.553251 1.496126 1.481057 4.369386 4.081755 3.211259 2.926053 1.202295 2.405281 2.913486 2.418329 1.471071 2.280184 3.510635
 9750.000000 1.508232 2.490478 1.494307 1.401511 4.303981 4.018879 3.157428 2.902035 1.193873 2.508296 2.963444 2.360707 1.466681 2.364090 3.452515
 9800.000000 1.513281 2.550597 1.545150 1.447065 4.339749 3.958273 3.174756 2.821451 1.225020 2.412790 2.812040 2.414131 1.402345 2.239292 3.518473
 9850.000000 1.528551 2.505634 1.571867 1.409196 4.296844 4.039090 3.126433 2.937259 1.206062 2.520306 3.055864 2.410700 1.464128 2.350107 3.502637
 9900.000000 1.519799 2.577646 1.487247 1.436665 4.275256 4.050656 3.112472 2.932423 1.193145 2.408757 2.947717 2.351976 1.411523 2.271350 3.558173
 9950.000000 1.557405 2.463145 1.562415 1.414809 4.253365 4.141295 3.032751 2.991390 1.224541 2.550505 3.206915 2.420054 1.472513 2.299043 3.591735
 10000.000000 1.459674 2.541883 1.509563 1.456403 4.188272 4.137338 3.011509 2.974307 1.208245 2.409907 3.005183 2.330287 1.421192 2.222427 3.651863
 10050.000000 1.527839 2.539016 1.510746 1.424541 4.096202 4.141891 2.986751 3.059647 1.197566 2.475036 3.194442 2.397853 1.461740 2.379448 3.663938
 10100.000000 1.529864 2.529794 1.500048 1.479954 3.993950 3.949598 2.955025 2.884659 1.226033 2.353520 2.996758 2.393744 1.477180 2.265216 3.659743
 10150.000000 1.480263 2.516787 1.502777 1.386731 4.047869 3.860985 3.009298 2.875754 1.206283 2.477603 3.024303 2.379256 1.420741 2.310101 3.638380
 10200.000000 1.473950 2.560691 1.597494 1.500056 4.035920 3.722658 3.008485 2.721258 1.193277 2.406093 2.895009 2.305253 1.462104 2.298032 3.669115
 10250.000000 1.531529 2.548494 1.602227 1.396957 4.258952 3.889463 3.176284 2.890659 1.224352 2.608167 3.043915 2.375937 1.450196 2.323441 3.689025
 10300.000000 1.461203 2.510219 1.500301 1.411927 4.272112 3.923365 3.219973 2.941483 1.211320 2.411311 2.814617 2.341432 1.409644 2.227656 3.639270
 10350.000000 1.539234 2.569953 1.599045 1.434218 4.385028 4.153670 3.314321 3.164039 1.205033 2.567736 3.101777 2.380762 1.451939 2.370567 3.699867
 10400.000000 1.501082 2.589280 1.542518 1.467234 4.428381 4.234820 3.318312 3.128044 1.221731 2.463006 2.965574 2.378611 1.453168 2.256823 3.722435
 10450.000000 1.540030 2.440365 1.449706 1.388286 4.353993 4.342040 3.166806 3.198331 1.209539 2.454265 3.149012 2.449043 1.465587 2.318346 3.579485
 10500.000000 1.592258 2.648955 1.501656 1.473982 4.348309 4.266228 3.176789 3.105551 1.205103 2.410237 3.041169 2.393497 1.443668 2.259205 3.635494
 10550.000000 1.516783 2.488392 1.548526 1.435747 4.123691 4.083183 2.921949 3.033989 1.220531 2.429433 3.209736 2.445698 1.437877 2.357910 3.552936
 10600.000000 1.522766 2.560689 1.491389 1.428925 4.190820 3.897086 3.003520 2.841937 1.218853 2.433846 2.952489 2.397572 1.451133 2.236172 3.572126
 10650.000000 1.581758 2.538034 1.507826 1.416323 4.086246 3.805680 2.911362 2.744840 1.194074 2.506959 3.070131 2.367985 1.452626 2.356963 3.545879
 10700.000000 1.477620 2.529836 1.533158 1.421649 4.157855 3.908034 2.963977 2.848193 1.202224 2.441304 2.996648 2.387960 1.425480 2.250274 3.600611
 10750.000000 1.525658 2.585949 1.610845 1.440087 4.382066 4.285012 3.169689 3.131787 1.222139 2.513346 3.158027 2.409706 1.432979 2.276525 3.655374
 10800.000000 1.539490 2.524637 1.493953 1.449511 4.354855 4.394609 3.190330 3.219537 1.197741 2.376185 3.096063 2.377804 1.411036 2.339323 3.588447
 10850.000000 1.505710 2.554034 1.493630 1.404053 4.573323 4.330430 3.475091 3.290705 1.211002 2.496450 2.913874 2.420272 1.505863 2.288721 3.698861
 10900.000000 1.507764 2.569062 1.560967 1.469487 4.443382 4.136914 3.460704 3.302102 1.223935 2.412979 2.846853 2.400387 1.439235 2.283221 3.711868
 10950.000000 1.496023 2.517208 1.518637 1.445088 4.308729 4.114705 3.455029 3.529331 1.189178 2.470408 3.072724 2.407152 1.449648 2.436489 3.595805
 11000.000000 1.573447 2.613224 1.504021 1.385572 4.339867 3.999784 3.593581 3.479583 1.213910 2.473301 2.930682 2.471437 1.517191 2.260101 3.647590
 11050.000000 1.547737 2.499328 1.579535 1.468801 4.141958 3.958906 3.419009 3.475821 1.220431 2.550518 3.234359 2.393001 1.419519 2.350665 3.509286
 11100.000000 1.441133 2.552920 1.511972 1.377823 3.959247 3.802986 3.264852 3.246863 1.196200 2.384574 2.966205 2.297663 1.423480 2.261201 3.547023
 11150.000000 1.511801 2.492863 1.532251 1.448876 4.050823 3.815690 3.108681 3.000412 1.207258 2.460151 3.073956 2.448848 1.431353 2.304563 3.626741
 11200.000000 1.567591 2.650369 1.543353 1.420839 4.053068 3.736053 3.059486 2.721575 1.220601 2.444160 2.876242 2.366766 1.490620 2.318007 3.716536
 11250.000000 1.469737 2.482842 1.513936 1.474279 3.955030 3.764036 2.882216 2.763498 1.190289 2.402519 3.027516 2.342360 1.394435 2.373464 3.605118
 11300.000000 1.512193 2.555672 1.582897 1.397427 4.238505 4.079688 3.167517 3.007546 1.207717 2.589284 3.085826 2.364792 1.507828 2.219949 3.685535
 11350.000000 1.523312 2.544825 1.504909 1.467164 4.262493 4.357420 3.121320 3.199726 1.222751 2.447134 3.190811 2.366678 1.429026 2.343054 3.663116
 11400.000000 1.523462 2.487698 1.449724 1.400197 4.328396 4.444753 3.139571 3.279097 1.199751 2.448797 3.208134 2.382495 1.473225 2.347869 3.554849
 11450.000000 1.511315 2.560406 1.552278 1.456674 4.496762 4.377076 3.327476 3.248568 1.210292 2.479313 3.067014 2.421467 1.454192 2.213381 3.555552
 11500.000000 1.544415 2.461182 1.547014 1.425055 4.347781 4.273790 3.177747 3.105373 1.230047 2.440659 3.065302 2.416810 1.414220 2.340618 3.432141
 11550.000000 1.522802 2.553273 1.470222 1.445368 4.445123 4.091075 3.296517 2.911555 1.200042 2.471362 2.797836 2.358732 1.477142 2.325384 3.505550
 11600.000000 1.557243 2.475133 1.573805 1.437097 4.427742 4.072153 3.232972 2.935993 1.200684 2.508273 2.933914 2.451318 1.451133 2.290768 3.586508
 11650.000000 1.471199 2.574470 1.548900 1.404504 4.376779 4.231188 3.199058 3.057095 1.228197 2.504334 3.032862 2.324983 1.447881 2.326846 3.687367
 11700.000000 1.505572 2.508417 1.517712 1.456441 4.109120 4.148389 2.968132 3.025560 1.200769 2.393245 3.129251 2.357673 1.403769 2.311613 3.629437
 11750.000000 1.573662 2.555148 1.549738 1.412656 3.978083 4.202787 2.811518 3.065875 1.204727 2.393291 3.208462 2.436471 1.446152 2.273065 3.689083
 11800.000000 1.491673 2.638501 1.551162 1.459053 4.137351 4.394742 2.932786 3.222880 1.227121 2.492821 3.218442 2.392912 1.454548 2.357210 3.776893
 11850.000000 1.528729 2.598044 1.539043 1.408550 3.898121 4.309639 2.739136 3.145765 1.210267 2.395726 3.171376 2.397888 1.419150 2.251854 3.721404
 11900.000000 1.526848 2.516519 1.505024 1.445147 3.785901 4.316023 2.675825 3.206968 1.196584 2.402217 3.323387 2.406081 1.459145 2.375215 3.643847
 11950.000000 1.516332 2.548444 1.480342 1.400517 4.174061 4.418260 3.084464 3.273862 1.224747 2.510999 3.212618 2.385452 1.468362 2.257822 3.666103
 12000.000000 1.513123 2.436845 1.508526 1.439605 4.258580 4.432695 3.143715 3.316603 1.202884 2.431878 3.247679 2.345903 1.465326 2.349226 3.561219
 12050.000000 1.528103 2.580743 1.519556 1.433970 4.576603 4.397516 3.440722 3.249411 1.199778 2.540712 3.001323 2.358652 1.479034 2.317101 3.656881
 12100.000000 1.504659 2.523474 1.503967 1.443864 4.629930 4.424074 3.453345 3.272502 1.217061 2.441924 2.814739 2.433228 1.450950 2.322844 3.645142
 12150.000000 1.548518 2.597647 1.537538 1.363086 4.652794 4.682167 3.527196 3.528424 1.208261 2.433837 2.887405 2.396085 1.413580 2.341755 3.651143
 12200.000000 1.497749 2.551652 1.546925 1.458505 4.697827 4.717158 3.567225 3.560102 1.201894 2.404607 2.849535 2.413723 1.405825 2.268240 3.645418
 12250.000000 1.490408 2.612028 1.537671 1.402700 4.791863 4.969686 3.694444 3.818191 1.221741 2.503224 3.062270 2.375882 1.480170 2.296131 3.707981
 12300.000000 1.522387 2.498366 1.544835 1.429488 4.621909 5.077740 3.551966 3.988566 1.203161 2.389781 3.265921 2.391861 1.447159 2.330094 3.637390
 12350.000000 1.509513 2.639603 1.528792 1.424490 4.652354 5.063442 3.664559 4.043573 1.199567 2.512735 3.344148 2.356044 1.444404 2.327961 3.728120
 12400.000000 1.497016 2.518922 1.535122 1.429627 4.466403 4.808123 3.465623 3.796639 1.208196 2.407045 3.247915 2.359669 1.486961 2.299475 3.650636
 12450.000000 1.520203 2.586345 1.549584 1.441605 4.567532 4.739451 3.515328 3.703597 1.217157 2.536428 3.287653 2.391682 1.459201 2.367221 3.719747
 12500.000000 1.474188 2.516174 1.499875 1.418299 4.449805 4.273782 3.324067 3.155281 1.200588 2.442609 2.921707 2.347287 1.481205 2.266321 3.627152
 12550.000000 1.512466 2.523496 1.539464 1.458462 4.382423 3.969924 3.183542 2.811039 1.208672 2.536699 2.912246 2.376371 1.468522 2.359048 3.578750
 12600.000000 1.553492 2.575465 1.580227 1.435929 4.202967 3.738835 3.087857 2.696371 1.221232 2.446084 2.849148 2.412687 1.387727 2.222852 3.478032
 12650.000000 1.474674 2.428118 1.480708 1.419604 3.948770 3.740366 2.980952 2.984872 1.201937 2.431223 3.107313 2.340194 1.487256 2.339104 3.178367
 12700.000000 1.547905 2.586656 1.532373 1.455167 4.004745 3.798839 3.146638 3.218362 1.201968 2.460047 3.177115 2.409134 1.434477 2.271872 3.256111
 12750.000000 1.526831 2.468973 1.593287 1.398878 3.893231 3.909150 2.967138 3.229968 1.220064 2.426744 3.297825 2.407545 1.400643 2.273052 3.171916
 12800.000000 1.520082 2.522314 1.522857 1.439001 4.092256 4.036330 3.073978 3.209314 1.205330 2.467943 3.241301 2.376996 1.507420 2.383194 3.309005
 12850.000000 1.582458 2.571345 1.515339 1.452351 4.310435 4.083620 3.158358 3.012194 1.207750 2.474605 3.063749 2.423524 1.435834 2.265210 3.526298
 12900.000000 1.490306 2.515080 1.540540 1.408107 4.308857 4.019022 3.155438 2.932182 1.221100 2.440857 2.924497 2.396802 1.431465 2.287705 3.675540
 12950.000000 1.505462 2.564351 1.526555 1.448811 4.164888 3.844098 3.326413 3.128864 1.213676 2.467245 2.947929 2.317668 1.463361 2.341634 3.612518
 13000.000000 1.579365 2.494942 1.496262 1.405227 3.926669 3.687959 3.328944 3.358499 1.213826 2.411501 3.089568 2.459955 1.417033 2.279004 3.444982
 13050.000000 1.505751 2.562501 1.502273 1.411460 3.809752 3.533829 3.361417 3.398624 1.218630 2.476690 3.128170 2.459039 1.508261 2.345375 3.440028
 13100.000000 1.511265 2.490310 1.571112 1.429062 3.534449 3.320700 3.123921 3.186860 1.214200 2.388932 3.126626 2.319434 1.402703 2.362749 3.338272
 13150.000000 1.488474 2.541780 1.541491 1.412736 3.645172 3.164137 3.214915 2.943657 1.204817 2.522571 2.952046 2.344824 1.445171 2.239201 3.387066
 13200.000000 1.572114 2.417772 1.496042 1.417145 3.674589 3.208060 2.936889 2.620963 1.216399 2.502156 2.981422 2.480312 1.450829 2.271024 3.461154
 13250.000000 1.488853 2.681731 1.604145 1.457115 3.935345 3.467512 3.060059 2.610475 1.210373 2.483762 2.806436 2.294954 1.469052 2.360898 3.695977
 13300.000000 1.473572 2.505307 1.547489 1.422557 4.111399 3.895321 3.002222 2.888446 1.213382 2.440426 3.033058 2.426590 1.399795 2.299753 3.684047
 13350.000000 1.568501 2.608921 1.506995 1.428539 4.429975 4.365048 3.263134 3.185921 1.220572 2.387337 2.995598 2.465594 1.461750 2.228793 3.733362
 13400.000000 1.555928 2.615085 1.535150 1.459079 4.542222 4.764378 3.400855 3.578970 1.190200 2.495007 3.291176 2.362954 1.479314 2.425934 3.608650
 13450.000000 1.463372 2.452433 1.521508 1.423854 4.530647 4.753683 3.375009 3.540150 1.221706 2.425828 3.154150 2.325770 1.409641 2.196563 3.478402
 13500.000000 1.494051 2.559638 1.550595 1.455304 4.753853 4.894483 3.592398 3.687221 1.213963 2.528356 3.152016 2.432313 1.473215 2.322237 3.598230
 13550.000000 1.572659 2.560744 1.508769 1.443117 4.585809 4.719823 3.502290 3.524207 1.200280 2.348413 2.917539 2.410506 1.452388 2.343804 3.486409
 13600.000000 1.533097 2.530526 1.507291 1.412223 4.731127 4.708017 3.593323 3.498421 1.223907 2.508421 2.870166 2.399858 1.451817 2.291504 3.557631
 13650.000000 1.510360 2.533051 1.558709 1.402105 4.667573 4.554335 3.523512 3.388801 1.215300 2.458800 2.811519 2.385339 1.390451 2.189917 3.630939
 13700.000000 1.506184 2.602140 1.529846 1.467907 4.587126 4.569393 3.484158 3.469097 1.194495 2.490159 3.060031 2.346823 1.515820 2.486614 3.674577
 13750.000000 1.574573 2.558279 1.489213 1.438764 4.484738 4.467334 3.393323 3.390919 1.216470 2.418594 3.071422 2.460626 1.456466 2.295449 3.699333
 13800.000000 1.499866 2.550480 1.503187 1.425381 4.389297 4.408327 3.321479 3.321748 1.210676 2.494100 3.114353 2.378585 1.410620 2.186162 3.675800
 13850.000000 1.486876 2.508924 1.543607 1.406617 4.092981 4.284609 2.957007 3.162512 1.203192 2.414851 3.226875 2.341266 1.462204 2.360368 3.635843
 13900.000000 1.566705 2.605396 1.531631 1.495002 4.201537 4.109549 3.019007 2.958348 1.205068 2.490202 3.093667 2.412175 1.439648 2.280090 3.711983
 13950.000000 1.544328 2.521255 1.491290 1.370101 4.101969 3.977931 2.895635 2.868750 1.210801 2.477561 3.066203 2.442885 1.468494 2.272917 3.651732
 14000.000000 1.498475 2.561437 1.520009 1.438641 4.079790 4.080386 2.867980 2.966521 1.214622 2.407360 3.145465 2.351246 1.450164 2.416909 3.626549
 14050.000000 1.539878 2.586325 1.593580 1.461972 4.295932 4.186598 3.097657 3.065949 1.205730 2.486292 3.143056 2.405117 1.410776 2.252453 3.645874
 14100.000000 1.467643 2.445507 1.509820 1.380209 4.452617 4.327436 3.247101 3.159604 1.214363 2.509123 3.060913 2.386066 1.508197 2.292859 3.517498
 14150.000000 1.545181 2.544862 1.473716 1.459522 4.485414 4.385127 3.344423 3.184732 1.209162 2.390645 2.896713 2.354804 1.409112 2.334745 3.550567
 14200.000000 1.527358 2.553488 1.547620 1.467361 4.663712 4.404573 3.511215 3.262930 1.195771 2.491340 2.824428 2.420946 1.490846 2.311503 3.646563
 14250.000000 1.493969 2.602406 1.536918 1.396567 4.633480 4.540185 3.500925 3.417722 1.222274 2.463982 2.905326 2.376753 1.431359 2.323932 3.713131
 14300.000000 1.516413 2.472865 1.505720 1.411811 4.491504 4.543145 3.385160 3.452982 1.207323 2.400160 3.030885 2.362880 1.424469 2.331092 3.592133
 14350.000000 1.540198 2.611245 1.497674 1.451492 4.637854 4.589289 3.548435 3.468799 1.197774 2.494477 3.026920 2.388962 1.493034 2.291918 3.695350
 14400.000000 1.510206 2.536284 1.546662 1.432668 4.493167 4.621548 3.327857 3.452603 1.215245 2.446382 3.185910 2.397990 1.414190 2.312734 3.667113
 14450.000000 1.483554 2.557151 1.559811 1.395029 4.407839 4.509224 3.224318 3.314112 1.214760 2.452210 3.155780 2.343037 1.425764 2.287746 3.648681
 14500.000000 1.545953 2.525016 1.511334 1.433118 4.363101 4.237274 3.164933 3.087416 1.206484 2.467166 3.088904 2.448357 1.444631 2.257435 3.642110
 14550.000000 1.537439 2.553011 1.502189 1.460486 4.217072 4.017424 3.013437 2.864067 1.212428 2.446642 3.043419 2.362553 1.464293 2.377466 3.600734
 14600.000000 1.475496 2.542266 1.545220 1.371804 4.178538 3.932922 2.971902 2.825888 1.215755 2.467385 3.003195 2.357601 1.426787 2.313033 3.607881
 14650.000000 1.511919 2.545640 1.551024 1.465210 4.183603 3.889333 3.003839 2.854407 1.200707 2.462066 3.027290 2.408054 1.449408 2.274776 3.576873
 14700.000000 1.539668 2.501626 1.502783 1.443166 4.210778 4.079385 3.039971 3.010575 1.208410 2.477702 3.149989 2.380944 1.494354 2.362726 3.475025
 14750.000000 1.494670 2.506069 1.511043 1.427952 4.303174 4.224266 3.128843 3.079014 1.219784 2.418761 3.050063 2.331986 1.435398 2.266905 3.475855
 14800.000000 1.505171 2.547488 1.578197 1.445433 4.526832 4.326771 3.334520 3.163892 1.205564 2.508773 3.014028 2.417283 1.436206 2.268983 3.659711
 14850.000000 1.505889 2.631387 1.541108 1.446815 4.527791 4.329775 3.442611 3.262819 1.213088 2.440683 2.877637 2.356950 1.460924 2.351047 3.728235
 14900.000000 1.499130 2.444369 1.508383 1.394215 4.484512 4.333135 3.423423 3.414327 1.225145 2.465622 2.987503 2.413716 1.427795 2.292997 3.615630
 14950.000000 1.517886 2.626594 1.552938 1.427598 4.554424 4.295304 3.675762 3.596000 1.206862 2.532026 2.928092 2.354264 1.467511 2.293066 3.695113
 15000.000000 1.491768 2.528752 1.557348 1.461708 4.492437 4.296824 3.562157 3.560392 1.202173 2.464668 2.933329 2.344892 1.440963 2.320842 3.633590
 15050.000000 1.523998 2.547295 1.521628 1.438129 4.574122 4.467521 3.601609 3.671776 1.220993 2.447558 2.962789 2.408576 1.438273 2.338359 3.677488
 15100.000000 1.519847 2.616507 1.521869 1.405569 4.670872 4.579609 3.681801 3.672693 1.205324 2.439285 2.873141 2.402776 1.458866 2.221589 3.735461
 15150.000000 1.527273 2.569999 1.530687 1.455940 4.698754 4.868044 3.631874 3.820938 1.198720 2.488869 3.145851 2.383184 1.438291 2.374361 3.682551
 15200.000000 1.517928 2.528033 1.518035 1.416060 4.598088 4.904158 3.512555 3.744362 1.227016 2.372668 3.096509 2.347475 1.454769 2.321136 3.611512
 15250.000000 1.543113 2.585903 1.506182 1.414312 4.761723 4.975858 3.621002 3.775718 1.205424 2.481619 3.158889 2.443989 1.436022 2.207371 3.671858
 15300.000000 1.552981 2.558867 1.513477 1.440636 4.558476 4.867752 3.424760 3.672569 1.200312 2.330940 3.141624 2.432640 1.441365 2.307194 3.555810
 15350.000000 1.509703 2.529946 1.518420 1.439462 4.616840 4.777623 3.458306 3.574222 1.226378 2.517919 3.220424 2.381857 1.482760 2.370987 3.514235
 15400.000000 1.501779 2.456891 1.492173 1.445859 4.434923 4.363373 3.295641 3.186602 1.207433 2.433129 2.995132 2.335999 1.444371 2.257021 3.406572
 15450.000000 1.566161 2.552972 1.507999 1.417164 4.363608 3.984695 3.188292 2.851925 1.198007 2.459525 2.866292 2.473908 1.444185 2.345239 3.574524
 15500.000000 1.519627 2.623937 1.571051 1.454884 4.265124 3.777542 3.060319 2.630324 1.220882 2.411328 2.782566 2.405524 1.463234 2.350182 3.652841
 15550.000000 1.491396 2.502221 1.563913 1.441052 4.282190 4.247587 3.074991 3.095307 1.211865 2.496466 3.186972 2.351202 1.406279 2.300441 3.593195
 15600.000000 1.460308 2.475585 1.536345 1.447473 4.161992 4.609240 2.991937 3.444152 1.189325 2.469416 3.331815 2.284863 1.494626 2.191580 3.558943
 15650.000000 1.507276 2.578987 1.551824 1.430421 4.115408 5.072957 2.928602 3.871124 1.215576 2.472096 3.630562 2.365175 1.477084 2.397584 3.700731
 15700.000000 1.499479 2.464229 1.528657 1.441062 3.859526 5.092445 2.722644 3.903699 1.212140 2.386409 3.595452 2.331078 1.500483 2.284241 3.593493
 15750.000000 1.500754 2.545488 1.510010 1.408119 3.857906 5.210212 2.763778 4.077216 1.190745 2.271415 3.563614 2.332010 1.451828 2.334807 3.640315
 15800.000000 1.537147 2.503945 1.513217 1.428303 4.014205 5.432276 2.957883 4.338361 1.218385 2.388043 3.612293 2.473089 1.430211 2.307428 3.672302
 15850.000000 1.510216 2.588036 1.472808 1.417669 4.021994 5.408128 3.033633 4.398318 1.227148 2.245617 3.415849 2.350978 1.511327 2.285702 3.679224
 15900.000000 1.520368 2.489976 1.532719 1.450925 4.200680 5.525955 3.157091 4.489842 1.190464 2.400356 3.433824 2.434643 1.401675 2.320722 3.639962
 15950.000000 1.527384 2.603994 1.531684 1.398614 4.350249 5.413106 3.324553 4.495529 1.210089 2.370636 3.256915 2.345544 1.479589 2.391164 3.695013
 16000.000000 1.504631 2.531970 1.511423 1.424078 4.555792 5.137977 3.424833 4.170907 1.221405 2.501915 2.915068 2.402830 1.408973 2.235089 3.681689
 16050.000000 1.547794 2.626866 1.531623 1.444077 4.527249 4.805786 3.442344 3.949357 1.197875 2.490710 2.720015 2.331741 1.479550 2.280931 3.675274
 16100.000000 1.543245 2.535379 1.526996 1.405613 4.392025 4.811451 3.222076 3.804177 1.211009 2.516972 2.910716 2.387633 1.455938 2.383666 3.648284
 16150.000000 1.500532 2.530349 1.511594 1.410317 4.087685 4.742572 2.864651 3.588570 1.223082 2.393918 2.909966 2.398289 1.419641 2.267192 3.643805
 16200.000000 1.533343 2.554489 1.555775 1.411961 4.020035 4.818167 2.897967 3.619877 1.201684 2.525525 3.099631 2.438210 1.441270 2.312098 3.573677
 16250.000000 1.568737 2.509368 1.515256 1.447159 3.771210 4.781235 2.712435 3.597172 1.211511 2.443696 3.214484 2.400390 1.401331 2.361680 3.443839
 16300.000000 1.513862 2.448837 1.458355 1.379878 3.783220 4.748871 2.673798 3.539404 1.222682 2.406597 3.014376 2.412169 1.489900 2.236980 3.431919
 16350.000000 1.521243 2.548528 1.540939 1.473841 4.139357 4.977611 3.034565 3.777426 1.205541 2.538067 3.150308 2.434233 1.435685 2.432036 3.524353
 16400.000000 1.510971 2.575575 1.578976 1.397604 4.310147 4.797279 3.138498 3.645557 1.207301 2.478378 2.790946 2.338990 1.456578 2.336514 3.549517
 16450.000000 1.475031 2.515624 1.544258 1.422864 4.377490 4.782645 3.191006 3.753123 1.218300 2.474643 2.761204 2.329037 1.404360 2.230494 3.623480
 16500.000000 1.527673 2.614152 1.523962 1.434970 4.344897 4.996952 3.284451 4.134563 1.202964 2.522970 3.099601 2.353006 1.471156 2.351321 3.700307
 16550.000000 1.539936 2.517226 1.531407 1.431096 3.960922 4.974350 3.030924 4.154896 1.199699 2.392905 3.151460 2.440553 1.463488 2.332834 3.638493
 16600.000000 1.503497 2.593186 1.555951 1.442070 3.808641 4.926846 3.055557 4.259151 1.216329 2.456353 3.307662 2.398825 1.436239 2.218925 3.618700
 16650.000000 1.489390 2.484150 1.544711 1.435002 3.696182 4.855170 3.007914 4.242986 1.210739 2.439926 3.317745 2.323455 1.470285 2.304452 3.488928
 16700.000000 1.520895 2.453786 1.491546 1.428101 3.822011 4.868378 3.011330 4.172981 1.193389 2.404098 3.210284 2.376188 1.439307 2.332154 3.509043
 16750.000000 1.519503 2.646582 1.546537 1.442589 4.207359 4.889957 3.241451 4.113993 1.219733 2.521184 3.063464 2.395236 1.457892 2.211401 3.736919
 16800.000000 1.475847 2.498640 1.549271 1.426626 4.327688 4.784291 3.143676 3.762937 1.223355 2.450073 2.806072 2.387950 1.453290 2.346225 3.656017
 16850.000000 1.557798 2.628841 1.526884 1.441641 4.344843 4.789580 3.198122 3.670558 1.189158 2.499278 2.896908 2.322089 1.456163 2.413454 3.573541
 16900.000000 1.517514 2.497500 1.514341 1.432923 4.103442 4.770334 2.941890 3.563068 1.211447 2.487212 2.871848 2.415091 1.445614 2.247588 3.515162
 16950.000000 1.494114 2.438031 1.549348 1.415305 3.882901 4.856858 2.750540 3.634386 1.230292 2.457222 3.051796 2.424362 1.450132 2.288556 3.441606
 17000.000000 1.588282 2.690747 1.545272 1.410999 4.046104 5.019711 3.049362 3.890264 1.197709 2.480950 3.152704 2.363453 1.411487 2.290630 3.500052
 17050.000000 1.499249 2.407496 1.492231 1.468207 3.973905 5.024183 2.831255 3.833673 1.196220 2.428756 3.113042 2.376918 1.455343 2.374403 3.388532
 17100.000000 1.484060 2.507304 1.504846 1.439124 4.207045 5.019133 2.980881 3.810563 1.233572 2.503014 2.980959 2.415616 1.498927 2.184685 3.610780
 17150.000000 1.570350 2.640178 1.534830 1.415454 4.377261 5.093742 3.199448 4.026050 1.203267 2.505527 3.134334 2.389595 1.410634 2.360457 3.710017
 17200.000000 1.523511 2.523895 1.513723 1.438782 4.076460 4.751916 2.962986 3.818994 1.195180 2.308763 2.856125 2.369186 1.450695 2.359752 3.635012
 17250.000000 1.462102 2.556955 1.490764 1.430013 4.094889 4.572353 3.119205 3.808240 1.237447 2.458907 2.900468 2.460244 1.468780 2.256765 3.711540
 17300.000000 1.586977 2.596204 1.564515 1.434502 3.820298 4.361083 3.018952 3.839248 1.212128 2.486856 3.043266 2.429687 1.396531 2.279231 3.614828
 17350.000000 1.511243 2.476460 1.519851 1.411217 3.574485 4.179287 2.715576 3.599812 1.187241 2.329316 2.927969 2.299569 1.450755 2.313449 3.512650
 17400.000000 1.475073 2.512958 1.518175 1.420237 3.967968 4.318698 3.014134 3.655653 1.226270 2.589905 3.142535 2.425707 1.464782 2.346831 3.621585
 17450.000000 1.542130 2.593147 1.567759 1.430491 3.917107 4.260195 2.891923 3.521094 1.221700 2.508226 2.957424 2.398622 1.442731 2.227403 3.689427
 17500.000000 1.501264 2.500616 1.524534 1.456414 3.841613 4.312962 2.724581 3.410341 1.182559 2.362602 2.880281 2.334158 1.441537 2.361519 3.606890
 17550.000000 1.492258 2.594567 1.502200 1.435011 4.261673 4.602714 3.041507 3.492622 1.222992 2.512484 2.891421 2.395628 1.498566 2.316018 3.712317
 17600.000000 1.528725 2.530664 1.526338 1.437322 4.246391 4.766975 3.029856 3.600901 1.218752 2.507574 2.877811 2.427685 1.449197 2.293508 3.628631
 17650.000000 1.526651 2.501683 1.544110 1.404306 4.092768 4.825996 2.943609 3.685547 1.185966 2.402469 2.863868 2.311887 1.465249 2.349057 3.433466
 17700.000000 1.488302 2.559117 1.506787 1.449895 4.291726 5.128087 3.163601 3.946791 1.215513 2.466127 2.997666 2.384970 1.442427 2.332905 3.493545
 17750.000000 1.486896 2.429580 1.546233 1.420120 4.243358 5.197955 3.062936 3.997012 1.220700 2.506480 3.042695 2.432450 1.436157 2.226948 3.466217
 17800.000000 1.507153 2.578103 1.551044 1.419731 4.249430 5.372814 3.088960 4.237055 1.192648 2.429121 3.260143 2.327279 1.442151 2.323567 3.543405
 17850.000000 1.517712 2.515618 1.504027 1.427995 4.287071 5.445624 3.089320 4.286552 1.204057 2.465393 3.320923 2.376493 1.473862 2.332386 3.573088
 17900.000000 1.525328 2.511067 1.531904 1.444850 4.199058 5.341446 2.983996 4.181163 1.234750 2.391989 3.202019 2.443718 1.435347 2.239567 3.670260
 17950.000000 1.511146 2.690739 1.588493 1.419051 4.265900 5.239623 3.121195 4.194855 1.189523 2.427005 3.213508 2.395083 1.426692 2.279863 3.798380
 18000.000000 1.502530 2.525132 1.556215 1.428783 4.234208 4.896075 3.072248 3.869394 1.205303 2.514867 3.021018 2.402191 1.471095 2.329585 3.675663
 18050.000000 1.521341 2.491661 1.448843 1.444319 4.203264 4.515072 3.015398 3.510623 1.227830 2.425085 2.726849 2.307421 1.472678 2.297388 3.553960
 18100.000000 1.542515 2.487109 1.486183 1.425777 4.263736 4.404861 3.070631 3.332249 1.196757 2.584502 2.820660 2.396698 1.486061 2.314401 3.591349
 18150.000000 1.520458 2.563584 1.495238 1.423597 3.970958 4.274113 2.778221 3.116370 1.203185 2.381294 2.693022 2.408962 1.424540 2.222992 3.642983
 18200.000000 1.557794 2.532683 1.530303 1.409268 3.934469 4.412784 2.735103 3.209654 1.236857 2.446731 3.020910 2.477460 1.419802 2.426941 3.637007
 18250.000000 1.542591 2.655003 1.527519 1.441223 3.891921 4.450777 2.758275 3.238814 1.213382 2.385472 2.902697 2.387621 1.410338 2.186998 3.678028
 18300.000000 1.533279 2.478092 1.523895 1.401615 3.859916 4.531347 2.718472 3.384467 1.191885 2.523503 3.162991 2.455617 1.457911 2.357799 3.586367
 18350.000000 1.533916 2.509398 1.536085 1.463499 3.987035 4.587220 2.772811 3.389998 1.231131 2.488886 2.968710 2.314499 1.431682 2.271594 3.553981
 18400.000000 1.461408 2.477856 1.568315 1.413357 4.301671 4.753030 3.085588 3.614644 1.218219 2.565313 2.946122 2.326631 1.447010 2.363732 3.578988
 18450.000000 1.514745 2.601779 1.561550 1.420497 4.386638 4.875082 3.209340 3.821861 1.194274 2.437469 2.791642 2.397091 1.450192 2.313378 3.688328
 18500.000000 1.542485 2.585335 1.482681 1.435303 4.544110 5.158080 3.363345 4.131850 1.232605 2.460846 2.934619 2.450551 1.480197 2.341025 3.715041
 18550.000000 1.526385 2.509530 1.482597 1.464013 4.438915 5.269262 3.318118 4.292057 1.208392 2.403052 3.017695 2.387771 1.479205 2.345605 3.624010
 18600.000000 1.492539 2.538263 1.531967 1.415680 4.466441 5.350189 3.379694 4.380709 1.193097 2.458606 3.117953 2.328348 1.456444 2.252316 3.637599
 18650.000000 1.519136 2.578419 1.530094 1.442502 4.507797 5.505013 3.408709 4.519792 1.227008 2.396850 3.201664 2.385009 1.430178 2.332689 3.705237
 18700.000000 1.503549 2.496744 1.515682 1.423186 4.536638 5.445965 3.391941 4.386907 1.212199 2.431393 3.083919 2.437472 1.428444 2.251473 3.661239
 18750.000000 1.521542 2.667689 1.543222 1.456457 4.587804 5.433521 3.496709 4.491545 1.196477 2.482729 3.159847 2.342652 1.468814 2.285128 3.719884
 18800.000000 1.501059 2.447415 1.534082 1.407727 4.525626 5.256827 3.373681 4.243401 1.212735 2.483781 2.989442 2.350241 1.444152 2.302477 3.567295
 18850.000000 1.513441 2.584286 1.511458 1.447910 4.523596 5.193388 3.368316 4.194358 1.217439 2.447268 2.957066 2.352365 1.411665 2.279769 3.649425
 18900.000000 1.526328 2.587607 1.562159 1.419337 4.488658 5.152773 3.296316 4.046541 1.198486 2.513680 2.948636 2.448847 1.463433 2.302396 3.696210
 18950.000000 1.506006 2.545561 1.529674 1.456242 4.168068 4.960915 2.949304 3.820686 1.222375 2.341005 2.883537 2.401646 1.429139 2.279903 3.636326
 19000.000000 1.560861 2.540859 1.503669 1.440695 4.132082 4.901899 2.920467 3.713731 1.220476 2.499512 3.068380 2.396496 1.466667 2.309571 3.599404
 19050.000000 1.482991 2.426704 1.478901 1.406996 3.957009 4.691786 2.791344 3.525471 1.189236 2.499003 3.104072 2.382706 1.452824 2.325103 3.516903
 19100.000000 1.510794 2.567011 1.557169 1.438081 3.848914 4.424220 2.703271 3.215932 1.210288 2.436378 2.930587 2.313429 1.446797 2.305313 3.558905
 19150.000000 1.529088 2.516237 1.532640 1.447819 3.989413 4.305480 2.819992 3.112002 1.219168 2.461073 2.854379 2.451184 1.431837 2.424645 3.575922
 19200.000000 1.534396 2.637059 1.493181 1.414198 4.042683 4.138074 2.856790 2.975379 1.200983 2.396667 2.578517 2.413623 1.476718 2.224979 3.687910
 19250.000000 1.524022 2.482545 1.545131 1.425540 3.976467 4.244054 2.793609 3.224363 1.199931 2.496725 2.935163 2.376486 1.418147 2.360308 3.615470
 19300.000000 1.477377 2.538854 1.564326 1.419500 4.006101 4.395832 2.853376 3.461666 1.219230 2.503630 2.988295 2.277934 1.444900 2.281903 3.640458
 19350.000000 1.477672 2.489731 1.527137 1.462534 4.040161 4.602662 2.906923 3.644959 1.198597 2.507082 3.052446 2.382444 1.442449 2.324176 3.639374
 19400.000000 1.525887 2.538490 1.523774 1.395579 4.077123 4.718888 2.927023 3.724915 1.204718 2.400142 2.888016 2.377746 1.477672 2.264482 3.657463
 19450.000000 1.512071 2.597963 1.569723 1.479448 4.398177 5.040775 3.189837 3.952342 1.222978 2.571725 3.107486 2.384708 1.457888 2.382898 3.718450
 19500.000000 1.445780 2.493357 1.505942 1.395206 4.318228 5.042734 3.124486 3.937296 1.201808 2.465370 2.982069 2.335170 1.482303 2.298024 3.583992
 19550.000000 1.518540 2.530766 1.527022 1.420783 4.250955 5.099313 3.066593 3.995079 1.199191 2.428386 2.998679 2.335273 1.421440 2.227899 3.568494
 19600.000000 1.527809 2.588936 1.576362 1.434081 4.380494 5.325561 3.161829 4.140945 1.230340 2.506217 3.189826 2.416364 1.436943 2.367459 3.657408
 19650.000000 1.501422 2.546201 1.491894 1.420103 4.243418 5.152447 3.059867 3.986045 1.204550 2.406457 3.007190 2.390053 1.522414 2.325993 3.542756
 19700.000000 1.531473 2.485912 1.495342 1.445658 4.287967 5.053238 3.124359 3.896728 1.191543 2.500050 2.948756 2.396309 1.447564 2.283169 3.488188
 19750.000000 1.503863 2.564116 1.564911 1.399456 4.256742 4.978916 3.078705 3.800024 1.226059 2.475403 2.947481 2.331069 1.439705 2.305333 3.532103
 19800.000000 1.493949 2.502793 1.554304 1.458069 4.110023 4.955720 2.905477 3.781350 1.208166 2.450135 3.040336 2.418459 1.450139 2.345751 3.609733
 19850.000000 1.539632 2.585855 1.494141 1.396584 4.062848 4.890237 2.874904 3.789972 1.199349 2.409609 3.092146 2.426343 1.435599 2.238374 3.702545
 19900.000000 1.546289 2.566472 1.534296 1.447009 4.012093 4.806363 2.826984 3.761854 1.224798 2.454532 3.156585 2.407384 1.454236 2.315219 3.703707
 19950.000000 1.464213 2.469271 1.543239 1.440870 3.979327 4.582634 2.811090 3.570258 1.213122 2.452674 2.988624 2.363168 1.427014 2.291598 3.630059
 20000.000000 1.535091 2.564153 1.543284 1.396674 4.165462 4.424007 3.013450 3.457920 1.192570 2.492104 2.795745 2.333918 1.436149 2.260841 3.648097
