#! FIELDS time p.x p.y
 0.000000 20.000000 0.000000
 0.500000 19.805001 -0.199755
 1.000000 19.769313 -0.261172
 1.500000 19.952507 -0.291341
 2.000000 20.377609 -0.174452
 2.500000 21.041125 0.025419
 3.000000 21.632858 -0.199414
 3.500000 22.297813 -0.414034
 4.000000 22.928587 -0.259932
 4.500000 23.338941 -0.179214
 5.000000 23.714237 -0.342731
 5.500000 23.692978 -0.451203
 6.000000 23.192025 -0.270115
 6.500000 22.409398 0.208254
 7.000000 21.898163 0.329385
 7.500000 21.624242 -0.221273
 8.000000 21.506502 -0.630077
 8.500000 21.272519 -0.562518
 9.000000 20.952872 -0.302534
 9.500000 20.738567 0.081736
 10.000000 20.786860 0.234055
 10.500000 21.116004 -0.221360
 11.000000 21.503818 -0.775675
 11.500000 21.772626 -0.743178
 12.000000 21.942663 -0.237160
 12.500000 21.927398 0.242172
 13.000000 21.817364 0.264464
 13.500000 21.566347 -0.297552
 14.000000 21.221077 -0.779699
 14.500000 20.939465 -0.536717
 15.000000 20.401946 -0.161390
 15.500000 20.074376 0.060544
 16.000000 20.080251 -0.007601
 16.500000 20.153528 -0.503056
 17.000000 20.113844 -0.601810
 17.500000 20.149838 -0.212255
 18.000000 20.511633 0.139951
 18.500000 21.105723 0.215636
 19.000000 21.789831 -0.161997
 19.500000 22.621258 -0.733313
 20.000000 23.167458 -0.929669
 20.500000 23.609162 -0.351090
 21.000000 23.758707 0.599560
 21.500000 23.828213 0.630314
 22.000000 23.500838 -0.301788
 22.500000 22.660714 -0.957741
 23.000000 21.652402 -0.694893
 23.500000 20.765548 0.113922
 24.000000 20.197310 0.555836
 24.500000 19.971487 -0.086750
 25.000000 19.905873 -0.842721
 25.500000 20.029974 -0.889499
 26.000000 20.278200 -0.209432
 26.500000 20.754157 0.414461
 27.000000 21.370069 0.247327
 27.500000 22.122249 -0.496089
 28.000000 22.774528 -0.934943
 28.500000 23.035791 -0.554908
 29.000000 23.270717 0.029916
 29.500000 23.524661 0.103796
 30.000000 23.621643 -0.137230
 30.500000 23.416928 -0.387062
 31.000000 22.976767 -0.473245
 31.500000 22.362602 -0.249872
 32.000000 21.623867 0.074667
 32.500000 20.898827 0.065902
 33.000000 20.417812 -0.344045
 33.500000 20.154904 -0.595872
 34.000000 19.910536 -0.428638
 34.500000 19.838429 -0.260242
 35.000000 20.051388 -0.207370
 35.500000 20.561475 -0.251525
 36.000000 21.108632 -0.290604
 36.500000 21.727620 -0.093596
 37.000000 22.399326 -0.019734
 37.500000 22.771459 -0.203231
 38.000000 22.887830 -0.369336
 38.500000 22.909312 -0.341503
 39.000000 22.743636 -0.279195
 39.500000 22.261213 -0.187817
 40.000000 21.589542 -0.091326
 40.500000 20.848205 -0.082316
 41.000000 20.267782 -0.179045
 41.500000 19.838122 -0.428115
 42.000000 19.771851 -0.485642
 42.500000 19.896076 -0.455549
 43.000000 20.169656 -0.311394
 43.500000 20.540645 -0.178846
 44.000000 21.029319 -0.179569
 44.500000 21.571848 -0.113626
 45.000000 22.187346 -0.255038
 45.500000 22.667885 -0.231831
 46.000000 22.897183 -0.145647
 46.500000 22.966174 0.055328
 47.000000 22.768158 0.284080
 47.500000 22.330381 -0.045009
 48.000000 21.689148 -0.427339
 48.500000 20.933539 -0.465851
 49.000000 20.091472 -0.174306
 49.500000 19.482385 0.064057
 50.000000 19.262147 0.093483
 50.500000 19.363602 -0.212569
 51.000000 19.732916 -0.588157
 51.500000 20.419803 -0.305257
 52.000000 21.272192 -0.025422
 52.500000 21.934351 -0.044112
 53.000000 22.391329 -0.414665
 53.500000 22.491834 -0.509808
 54.000000 22.243582 -0.059153
 54.500000 22.060436 0.399238
 55.000000 21.846865 0.278667
 55.500000 21.653355 -0.124042
 56.000000 21.483222 -0.507199
 56.500000 21.300553 -0.495347
 57.000000 20.982214 -0.276245
 57.500000 20.953039 -0.108336
 58.000000 20.890452 -0.160959
 58.500000 21.035634 -0.172924
 59.000000 21.401399 -0.301484
 59.500000 21.865606 -0.449600
 60.000000 22.427507 -0.390132
 60.500000 23.024398 -0.102854
 61.000000 23.324407 0.315161
 61.500000 23.213992 0.303789
 62.000000 22.877879 -0.271265
 62.500000 22.279050 -0.659601
 63.000000 21.583118 -0.598693
 63.500000 21.245299 -0.313567
 64.000000 20.990648 0.072168
 64.500000 20.791759 0.306689
 65.000000 20.888923 -0.125051
 65.500000 21.062027 -0.703261
 66.000000 21.185683 -0.667768
 66.500000 21.329417 -0.037024
 67.000000 21.666859 0.372312
 67.500000 22.111720 0.204250
 68.000000 22.373912 -0.498081
 68.500000 22.446023 -0.766095
 69.000000 22.076936 -0.353657
 69.500000 21.266212 0.218736
 70.000000 20.337611 0.309316
 70.500000 19.801015 -0.276092
 71.000000 19.593250 -0.730807
 71.500000 19.668130 -0.682670
 72.000000 19.946786 -0.247772
 72.500000 20.351701 0.307176
 73.000000 21.003718 0.268978
 73.500000 21.494221 -0.357193
 74.000000 22.022535 -0.747395
 74.500000 22.370770 -0.242301
 75.000000 22.669902 0.266426
 75.500000 22.808810 0.118044
 76.000000 22.777841 -0.402709
 76.500000 22.622330 -0.508367
 77.000000 22.299250 -0.233591
 77.500000 21.701894 0.133845
 78.000000 21.264099 0.225720
 78.500000 21.072348 -0.221248
 79.000000 20.884662 -0.535961
 79.500000 20.675144 -0.450018
 80.000000 20.527806 -0.085759
 80.500000 20.645466 0.235109
 81.000000 20.873269 -0.024807
 81.500000 21.200023 -0.600334
 82.000000 21.648150 -0.729025
 82.500000 22.240592 -0.269067
 83.000000 22.787196 0.327948
 83.500000 23.134677 0.346310
 84.000000 23.341572 -0.197003
 84.500000 23.500378 -0.806655
 85.000000 23.337532 -0.752909
 85.500000 22.852093 0.048552
 86.000000 22.171580 0.505203
 86.500000 21.404417 0.230556
 87.000000 20.795101 -0.544081
 87.500000 20.403339 -0.836261
 88.000000 20.319928 -0.333030
 88.500000 20.807101 0.225911
 89.000000 21.740409 0.065255
 89.500000 22.690748 -0.404910
 90.000000 23.430869 -0.425426
 90.500000 23.943520 -0.085955
 91.000000 24.051129 0.083851
 91.500000 23.747586 0.113823
 92.000000 23.257235 -0.139611
 92.500000 22.747535 -0.469426
 93.000000 22.250751 -0.562483
 93.500000 21.527270 -0.221382
 94.000000 20.702086 0.014826
 94.500000 20.140159 0.065751
 95.000000 19.803122 -0.047639
 95.500000 19.620943 -0.399664
 96.000000 19.618359 -0.767488
 96.500000 19.848129 -0.656158
 97.000000 20.062576 -0.085941
 97.500000 20.226231 0.184040
 98.000000 20.573275 -0.114073
 98.500000 21.126558 -0.484371
 99.000000 21.646384 -0.443300
 99.500000 22.166072 -0.040012
 100.000000 22.778203 0.097143
 100.500000 23.272644 0.043339
 101.000000 23.558961 -0.052279
 101.500000 23.507638 0.007731
 102.000000 23.284547 -0.035564
 102.500000 22.884838 -0.294735
 103.000000 22.251783 -0.503366
 103.500000 21.601836 -0.327257
 104.000000 21.064666 0.230066
 104.500000 20.763774 0.165083
 105.000000 20.636728 -0.475488
 105.500000 20.814440 -0.987852
 106.000000 20.863515 -0.620800
 106.500000 20.693330 0.126592
 107.000000 20.589173 0.471707
 107.500000 20.554639 -0.103311
 108.000000 20.614120 -0.793404
 108.500000 20.894793 -0.833263
 109.000000 21.272493 -0.342151
 109.500000 21.643471 0.212270
 110.000000 22.095665 0.221177
 110.500000 22.452509 -0.325243
 111.000000 22.804694 -0.818157
 111.500000 22.929048 -0.539429
 112.000000 22.808665 0.256278
 112.500000 22.592856 0.444491
 113.000000 22.224866 -0.000394
 113.500000 21.907640 -0.515629
 114.000000 21.699968 -0.606644
 114.500000 21.392510 -0.194860
 115.000000 21.234996 0.066137
 115.500000 21.264474 0.046785
 116.000000 21.505244 -0.319031
 116.500000 21.771358 -0.519131
 117.000000 22.198722 -0.430384
 117.500000 22.495140 -0.157448
 118.000000 22.481618 0.139915
 118.500000 22.262278 0.092174
 119.000000 21.927513 -0.346692
 119.500000 21.583532 -0.652257
 120.000000 21.052168 -0.641764
 120.500000 20.463839 -0.294132
 121.000000 20.283032 0.027565
 121.500000 20.424251 0.033463
 122.000000 20.847262 -0.268118
 122.500000 21.363608 -0.468433
 123.000000 21.754499 -0.240641
 123.500000 22.295809 0.005697
 124.000000 22.846956 -0.175975
 124.500000 23.139156 -0.377801
 125.000000 23.046921 -0.310870
 125.500000 22.483848 -0.067998
 126.000000 21.627087 -0.031829
 126.500000 20.880250 -0.267577
 127.000000 20.241240 -0.399362
 127.500000 19.904181 -0.474093
 128.000000 19.868477 -0.294825
 128.500000 19.976545 -0.153921
 129.000000 20.291326 -0.167310
 129.500000 20.955014 -0.418529
 130.000000 21.744457 -0.641744
 130.500000 22.170401 -0.423830
 131.000000 22.439155 0.100092
 131.500000 22.680943 0.354255
 132.000000 22.757147 0.034687
 132.500000 22.939328 -0.279477
 133.000000 22.928943 -0.328514
 133.500000 22.812969 -0.147921
 134.000000 22.375804 0.046052
 134.500000 21.767475 -0.119116
 135.000000 21.045716 -0.570181
 135.500000 20.344441 -0.821665
 136.000000 19.897862 -0.569127
 136.500000 19.751643 0.099463
 137.000000 19.925635 0.232503
 137.500000 20.436546 -0.467636
 138.000000 21.122494 -0.943163
 138.500000 21.675001 -0.630003
 139.000000 21.990135 0.241817
 139.500000 22.384946 0.426442
 140.000000 22.747811 -0.159031
 140.500000 22.753695 -0.786216
 141.000000 22.595977 -0.750049
 141.500000 22.232743 0.188906
 142.000000 21.702036 0.698688
 142.500000 21.026882 0.280119
 143.000000 20.523436 -0.778888
 143.500000 20.266590 -1.301408
 144.000000 20.246625 -0.665011
 144.500000 20.419185 0.496868
 145.000000 20.959966 0.840672
 145.500000 21.816725 -0.217320
 146.000000 22.664132 -1.206834
 146.500000 23.141106 -0.901817
 147.000000 23.200725 0.427890
 147.500000 22.787025 1.250262
 148.000000 22.129297 0.307630
 148.500000 21.529427 -1.471165
 149.000000 20.926176 -1.864131
 149.500000 20.516433 -0.452334
 150.000000 20.236055 1.282005
 150.500000 20.110881 1.204269
 151.000000 20.272726 -0.484538
 151.500000 20.597268 -1.834991
 152.000000 20.892937 -1.281967
 152.500000 21.452848 0.289767
 153.000000 22.172430 1.236700
 153.500000 22.863951 0.466691
 154.000000 23.210920 -1.018237
 154.500000 23.163940 -1.403062
 155.000000 22.863611 -0.558099
 155.500000 22.523789 0.834206
 156.000000 22.198871 1.231530
 156.500000 22.049644 0.003563
 157.000000 21.690183 -1.399489
 157.500000 21.149256 -1.461393
 158.000000 20.616481 -0.280223
 158.500000 20.439828 0.917149
 159.000000 20.397419 0.738570
 159.500000 20.445128 -0.629727
 160.000000 20.627605 -1.571913
 160.500000 20.737219 -1.005971
 161.000000 20.938875 0.215420
 161.500000 21.096229 0.610431
 162.000000 21.211313 -0.221243
 162.500000 21.347378 -1.056319
 163.000000 21.158163 -1.064573
 163.500000 20.873486 -0.210373
 164.000000 20.628353 0.540703
 164.500000 20.373149 0.269108
 165.000000 20.301853 -0.658231
 165.500000 20.447956 -1.212300
 166.000000 20.630760 -0.672016
 166.500000 20.892942 0.222860
 167.000000 21.148713 0.511996
 167.500000 21.391996 -0.059786
 168.000000 21.736108 -0.838578
 168.500000 22.122187 -0.941578
 169.000000 22.328552 -0.197045
 169.500000 22.257451 0.358091
 170.000000 22.264896 0.418248
 170.500000 22.175868 -0.323728
 171.000000 21.792410 -0.781192
 171.500000 21.403938 -0.521733
 172.000000 21.197468 0.027636
 172.500000 21.189912 0.318349
 173.000000 21.280744 -0.185294
 173.500000 21.223003 -0.622566
 174.000000 21.160954 -0.515036
 174.500000 21.289673 -0.099126
 175.000000 21.519906 0.221970
 175.500000 21.726037 0.034555
 176.000000 21.841746 -0.488137
 176.500000 21.920477 -0.609208
 177.000000 22.082449 -0.215099
 177.500000 22.120315 0.290593
 178.000000 21.942215 0.072822
 178.500000 21.395578 -0.711985
 179.000000 20.816927 -0.981611
 179.500000 20.311052 -0.321297
 180.000000 19.977072 0.525338
 180.500000 19.949582 0.416805
 181.000000 20.080320 -0.551203
 181.500000 20.594896 -1.106707
 182.000000 21.451438 -0.568753
 182.500000 22.380569 0.425302
 183.000000 22.956674 0.564404
 183.500000 23.150201 -0.156863
 184.000000 22.921659 -0.868097
 184.500000 22.532314 -0.669931
 185.000000 22.067744 0.083978
 185.500000 21.687491 0.551141
 186.000000 21.363422 0.137208
 186.500000 21.211782 -0.600967
 187.000000 21.143033 -0.831313
 187.500000 21.311592 -0.406259
 188.000000 21.576428 0.278863
 188.500000 21.782469 0.540717
 189.000000 21.608665 0.082969
 189.500000 21.348511 -0.500989
 190.000000 20.973661 -0.741122
 190.500000 20.445884 -0.325577
 191.000000 19.872121 0.259628
 191.500000 19.572783 0.261782
 192.000000 19.800155 -0.314543
 192.500000 20.384262 -0.532624
 193.000000 20.970131 -0.393165
 193.500000 21.536789 -0.071688
 194.000000 21.919037 0.144047
 194.500000 22.248941 0.130058
 195.000000 22.262996 -0.390914
 195.500000 21.970202 -0.813210
 196.000000 21.689528 -0.406352
 196.500000 21.336990 0.269813
 197.000000 21.001956 0.292967
 197.500000 20.779371 -0.346411
 198.000000 20.694585 -0.860829
 198.500000 20.794549 -0.662307
 199.000000 20.940027 -0.074691
 199.500000 21.122890 0.349058
 200.000000 21.299931 0.091266
 200.500000 21.339982 -0.522464
 201.000000 21.195769 -0.842600
 201.500000 21.043524 -0.495903
 202.000000 21.007410 0.064866
 202.500000 21.125292 0.245632
 203.000000 21.302011 -0.245379
 203.500000 21.516095 -0.634344
 204.000000 21.737529 -0.316112
 204.500000 21.960044 0.202427
 205.000000 22.118365 0.422847
 205.500000 22.327260 -0.186090
 206.000000 22.550947 -0.640011
 206.500000 22.636138 -0.353309
 207.000000 22.763947 0.193408
 207.500000 22.753027 0.231313
 208.000000 22.617014 -0.222592
 208.500000 22.487457 -0.572087
 209.000000 22.204363 -0.427882
 209.500000 21.687812 0.037119
 210.000000 21.110889 0.146747
 210.500000 20.855452 -0.056805
 211.000000 20.815984 -0.213178
 211.500000 20.897497 -0.571592
 212.000000 21.143408 -0.563703
 212.500000 21.489804 -0.163371
 213.000000 21.711984 0.170952
 213.500000 21.631472 -0.082781
 214.000000 21.356494 -0.383361
 214.500000 21.171350 -0.518456
 215.000000 20.972459 -0.495745
 215.500000 20.927619 -0.238011
 216.000000 21.017488 0.074106
 216.500000 21.331583 -0.085630
 217.000000 21.658572 -0.451899
 217.500000 21.802157 -0.789726
 218.000000 21.744065 -0.403459
 218.500000 21.683087 0.209415
 219.000000 21.571436 0.268875
 219.500000 21.383768 -0.191097
 220.000000 21.254350 -0.625070
 220.500000 21.151412 -0.559975
 221.000000 21.114907 -0.138067
 221.500000 21.216747 0.085500
 222.000000 21.558899 -0.058835
 222.500000 21.845496 -0.432835
 223.000000 21.964549 -0.633666
 223.500000 22.129298 -0.257019
 224.000000 22.237139 0.085656
 224.500000 22.152329 0.086043
 225.000000 21.793505 -0.183318
 225.500000 21.475450 -0.514510
 226.000000 21.057233 -0.374073
 226.500000 20.779727 -0.064048
 227.000000 21.143912 0.023063
 227.500000 21.908615 -0.357621
 228.000000 22.617508 -0.626246
 228.500000 23.155127 -0.256825
 229.000000 23.511365 0.174742
 229.500000 23.744450 0.177181
 230.000000 23.483780 -0.277266
 230.500000 22.990039 -0.679993
 231.000000 22.440529 -0.673877
 231.500000 21.690052 -0.112637
 232.000000 20.917620 0.312273
 232.500000 20.195533 0.219801
 233.000000 19.569386 -0.495233
 233.500000 19.327070 -0.882776
 234.000000 19.411758 -0.643339
 234.500000 19.764061 -0.003505
 235.000000 20.275771 0.220303
 235.500000 20.888144 -0.186071
 236.000000 21.464790 -0.610825
 236.500000 21.874832 -0.687936
 237.000000 22.267270 -0.401905
 237.500000 22.373437 0.232790
 238.000000 22.739557 0.390000
 238.500000 22.892867 -0.062529
 239.000000 22.818589 -0.705973
 239.500000 22.689891 -0.930939
 240.000000 22.445960 -0.372556
 240.500000 22.166159 0.264107
 241.000000 21.926219 0.291208
 241.500000 21.657151 -0.156466
 242.000000 21.464513 -0.528847
 242.500000 21.217233 -0.639434
 243.000000 20.949287 -0.297455
 243.500000 20.902531 0.103427
 244.000000 20.940515 0.082385
 244.500000 21.247498 -0.279161
 245.000000 21.554285 -0.452322
 245.500000 21.737420 -0.251196
 246.000000 21.760820 0.037736
 246.500000 21.588374 0.055084
 247.000000 21.271997 -0.339790
 247.500000 20.996615 -0.632542
 248.000000 20.966457 -0.409530
 248.500000 21.252624 0.068478
 249.000000 21.448976 0.228970
 249.500000 21.712215 -0.141137
 250.000000 21.866249 -0.586887
 250.500000 21.940071 -0.410378
 251.000000 21.936117 0.163925
 251.500000 22.015957 0.286527
 252.000000 22.003286 -0.304798
 252.500000 21.783172 -0.781719
 253.000000 21.579869 -0.698318
 253.500000 21.513619 -0.146347
 254.000000 21.314063 0.323532
 254.500000 21.164546 0.051819
 255.000000 21.224238 -0.517158
 255.500000 21.063949 -0.794262
 256.000000 20.987129 -0.319169
 256.500000 20.973747 0.317119
 257.000000 20.975552 0.212151
 257.500000 21.175352 -0.357583
 258.000000 21.498365 -0.726274
 258.500000 21.963073 -0.535430
 259.000000 22.299440 0.292382
 259.500000 22.637689 0.546915
 260.000000 22.644189 0.048142
 260.500000 22.554598 -0.787547
 261.000000 22.423965 -1.013916
 261.500000 22.117206 -0.239786
 262.000000 21.708685 0.564198
 262.500000 21.324926 0.655171
 263.000000 20.845135 -0.215066
 263.500000 20.404425 -0.877476
 264.000000 20.151821 -0.659300
 264.500000 20.174867 0.006250
 265.000000 20.430609 0.189963
 265.500000 20.911185 -0.149021
 266.000000 21.362350 -0.671286
 266.500000 21.858471 -0.852753
 267.000000 22.295059 -0.435728
 267.500000 22.744336 0.196995
 268.000000 22.993237 0.384538
 268.500000 23.118274 -0.194707
 269.000000 22.937716 -0.771978
 269.500000 22.883030 -0.711486
 270.000000 22.744060 -0.028547
 270.500000 22.341473 0.297732
 271.000000 21.845898 0.033970
 271.500000 21.346324 -0.598878
 272.000000 20.828927 -0.718912
 272.500000 20.523458 0.004625
 273.000000 20.435524 0.554596
 273.500000 20.568825 0.104244
 274.000000 20.837234 -0.610453
 274.500000 21.408512 -0.844475
 275.000000 22.156288 -0.241962
 275.500000 22.949596 0.391695
 276.000000 23.430868 0.218505
 276.500000 23.500620 -0.395201
 277.000000 23.363446 -0.640979
 277.500000 23.005031 -0.276465
 278.000000 22.316506 0.295278
 278.500000 21.662413 0.246379
 279.000000 21.067814 -0.324768
 279.500000 20.699934 -0.686846
 280.000000 20.702859 -0.445853
 280.500000 21.017630 -0.085558
 281.000000 21.538436 0.132054
 281.500000 22.100218 -0.295219
 282.000000 22.522389 -0.683915
 282.500000 22.741286 -0.408993
 283.000000 22.659338 0.122943
 283.500000 22.385883 0.073880
 284.000000 22.129835 -0.468407
 284.500000 21.673388 -0.803946
 285.000000 21.150127 -0.667051
 285.500000 20.728596 -0.141858
 286.000000 20.595386 0.258674
 286.500000 20.743411 0.182750
 287.000000 20.979707 -0.282966
 287.500000 21.194371 -0.719922
 288.000000 21.195721 -0.541919
 288.500000 21.032677 0.197228
 289.000000 20.967691 0.462976
 289.500000 21.163450 -0.012925
 290.000000 21.355000 -0.708767
 290.500000 21.487135 -0.893747
 291.000000 21.413402 -0.276538
 291.500000 21.171811 0.421587
 292.000000 21.072541 0.345726
 292.500000 21.117162 -0.530131
 293.000000 21.188466 -0.916003
 293.500000 21.084778 -0.532360
 294.000000 20.913588 0.097042
 294.500000 20.866802 0.268804
 295.000000 20.964015 -0.308053
 295.500000 21.333426 -0.869565
 296.000000 21.784020 -0.640170
 296.500000 22.163254 0.103645
 297.000000 22.647178 0.458297
 297.500000 23.062949 0.178672
 298.000000 23.293861 -0.582909
 298.500000 23.236014 -0.915185
 299.000000 22.951232 -0.256228
 299.500000 22.524013 0.423455
 300.000000 22.079281 0.357036
 300.500000 21.497953 -0.273408
 301.000000 20.924525 -0.817915
 301.500000 20.486866 -0.778254
 302.000000 20.283164 -0.247308
 302.500000 20.175033 0.326516
 303.000000 20.403813 0.216558
 303.500000 20.719846 -0.436189
 304.000000 21.177922 -0.816820
 304.500000 21.643689 -0.559693
 305.000000 22.138314 0.206250
 305.500000 22.591435 0.462748
 306.000000 22.828578 -0.133658
 306.500000 22.980290 -0.652012
 307.000000 22.989158 -0.770689
 307.500000 22.888975 -0.312015
 308.000000 22.647461 0.211139
 308.500000 22.189116 0.377424
 309.000000 21.412018 0.047372
 309.500000 20.518595 -0.639227
 310.000000 19.903559 -0.930720
 310.500000 19.779766 -0.448820
 311.000000 20.073849 0.223233
 311.500000 20.699076 0.254229
 312.000000 21.497347 -0.273710
 312.500000 22.144075 -0.673993
 313.000000 22.823596 -0.568954
 313.500000 23.478234 0.010710
 314.000000 23.983392 0.647030
 314.500000 23.970533 0.315256
 315.000000 23.503526 -0.583737
 315.500000 22.474321 -0.842815
 316.000000 21.154810 -0.355136
 316.500000 19.834689 0.320200
 317.000000 18.770352 0.150314
 317.500000 17.865050 -0.600155
 318.000000 17.478056 -0.926029
 318.500000 17.681630 -0.696980
 319.000000 18.354681 -0.275784
 319.500000 19.385502 0.069421
 320.000000 20.750583 0.031184
 320.500000 22.290586 -0.222561
 321.000000 23.781703 -0.532625
 321.500000 24.906604 -0.375944
 322.000000 25.558482 0.142123
 322.500000 25.772231 0.457869
 323.000000 25.549962 0.019603
 323.500000 24.732630 -0.496709
 324.000000 23.614280 -0.496649
 324.500000 21.988977 0.020210
 325.000000 20.194112 0.290356
 325.500000 18.838888 -0.043446
 326.000000 18.018223 -0.664449
 326.500000 18.048835 -1.073642
 327.000000 18.708810 -0.686327
 327.500000 19.827248 0.028253
 328.000000 21.210268 0.437077
 328.500000 22.575646 0.116420
 329.000000 23.651173 -0.358163
 329.500000 24.208013 -0.519735
 330.000000 24.287246 -0.257055
 330.500000 23.788967 0.095097
 331.000000 22.957084 0.333696
 331.500000 21.987944 0.360747
 332.000000 20.962463 -0.134336
 332.500000 20.316129 -0.568697
 333.000000 19.787626 -0.754323
 333.500000 19.328676 -0.390770
 334.000000 19.090460 0.130146
 334.500000 19.336776 0.112076
 335.000000 19.921956 -0.439652
 335.500000 20.627570 -0.702390
 336.000000 21.304550 -0.466318
 336.500000 22.013504 0.281073
 337.000000 22.735198 0.381500
 337.500000 23.117565 -0.530321
 338.000000 23.338301 -1.045882
 338.500000 23.229060 -0.559624
 339.000000 22.859272 0.275976
 339.500000 22.484462 0.577092
 340.000000 22.139279 -0.199215
 340.500000 21.719737 -0.830151
 341.000000 21.065776 -0.587654
 341.500000 20.347925 0.009833
 342.000000 20.077504 0.117863
 342.500000 20.021501 -0.191815
 343.000000 20.215184 -0.613431
 343.500000 20.645253 -0.606302
 344.000000 21.122578 -0.235874
 344.500000 21.713855 0.192262
 345.000000 22.415182 0.276838
 345.500000 22.978260 -0.032658
 346.000000 23.564183 -0.307066
 346.500000 23.836612 -0.433617
 347.000000 23.748755 -0.429343
 347.500000 23.265556 -0.092170
 348.000000 22.710694 0.158341
 348.500000 22.085027 0.318596
 349.000000 21.472464 0.046043
 349.500000 21.002777 -0.498892
 350.000000 20.802292 -0.787253
 350.500000 20.846003 -0.442640
 351.000000 20.847810 0.239294
 351.500000 20.897077 0.288957
 352.000000 21.208240 -0.335558
 352.500000 21.670368 -0.848174
 353.000000 22.006926 -0.682503
 353.500000 22.326180 0.050419
 354.000000 22.426466 0.589027
 354.500000 22.402946 0.307001
 355.000000 22.420103 -0.456700
 355.500000 22.453510 -0.952519
 356.000000 22.002816 -0.549735
 356.500000 21.295031 0.361228
 357.000000 20.637705 0.411562
 357.500000 19.999347 -0.230761
 358.000000 19.755930 -0.771124
 358.500000 19.752716 -0.651059
 359.000000 20.103982 -0.129124
 359.500000 20.603347 0.120348
 360.000000 21.170761 -0.166915
 360.500000 21.878023 -0.460116
 361.000000 22.708989 -0.332234
 361.500000 23.292401 0.027958
 362.000000 23.536438 0.190738
 362.500000 23.618352 0.013443
 363.000000 23.446608 -0.511119
 363.500000 22.844792 -0.739415
 364.000000 21.964903 -0.342290
 364.500000 21.104805 0.177148
 365.000000 20.369352 0.083587
 365.500000 19.938665 -0.147405
 366.000000 19.796799 -0.335069
 366.500000 19.821962 -0.364126
 367.000000 19.972828 -0.074703
 367.500000 20.354711 0.020689
 368.000000 20.905083 -0.372005
 368.500000 21.359953 -0.693746
 369.000000 21.675866 -0.497258
 369.500000 21.800173 0.044186
 370.000000 21.691033 -0.003687
 370.500000 21.400389 -0.446557
 371.000000 21.241277 -0.632192
 371.500000 21.027717 -0.262643
 372.000000 20.971435 0.045674
 372.500000 21.107945 -0.028235
 373.000000 21.070734 -0.393733
 373.500000 21.080642 -0.749203
 374.000000 20.957953 -0.643599
 374.500000 20.777671 -0.216877
 375.000000 20.691980 0.154568
 375.500000 20.742712 0.233719
 376.000000 20.899962 -0.224510
 376.500000 21.092183 -0.519883
 377.000000 21.405039 -0.296044
 377.500000 21.762746 0.064251
 378.000000 22.350126 0.187942
 378.500000 22.801834 -0.021702
 379.000000 23.130811 -0.382863
 379.500000 23.103644 -0.361912
 380.000000 22.731937 -0.148648
 380.500000 22.091541 -0.048231
 381.000000 21.304389 -0.182585
 381.500000 20.828336 -0.499302
 382.000000 20.446776 -0.556279
 382.500000 20.211093 -0.116991
 383.000000 20.056251 -0.003309
 383.500000 20.083466 -0.310961
 384.000000 20.430639 -0.676714
 384.500000 20.861427 -0.611319
 385.000000 21.108902 -0.084102
 385.500000 21.552979 0.256813
 386.000000 22.062950 0.079677
 386.500000 22.516293 -0.358324
 387.000000 22.629260 -0.502965
 387.500000 22.567725 -0.142239
 388.000000 22.334309 0.153839
 388.500000 22.045315 -0.012355
 389.000000 21.804711 -0.103491
 389.500000 21.551063 -0.081853
 390.000000 21.325761 -0.237340
 390.500000 21.221419 -0.237925
 391.000000 21.042410 -0.115331
 391.500000 21.071984 -0.026436
 392.000000 21.221551 -0.253958
 392.500000 21.551561 -0.459333
 393.000000 21.945011 -0.433536
 393.500000 22.354704 -0.040723
 394.000000 22.540876 0.147634
 394.500000 22.620708 -0.052153
 395.000000 22.572435 -0.212480
 395.500000 22.360212 -0.191850
 396.000000 22.051281 -0.300366
 396.500000 21.707306 -0.464631
 397.000000 21.361452 -0.347951
 397.500000 21.102821 -0.195783
 398.000000 20.866532 -0.235435
 398.500000 20.837512 -0.242716
 399.000000 21.105042 -0.228416
 399.500000 21.460550 -0.368951
 400.000000 22.085922 -0.428166
 400.500000 22.376296 -0.239698
 401.000000 22.309362 0.089825
 401.500000 22.128644 0.238366
 402.000000 22.092569 -0.138777
 402.500000 22.261530 -0.683873
 403.000000 22.400648 -0.700163
 403.500000 22.458351 -0.233084
 404.000000 22.518554 0.233074
 404.500000 22.396974 0.390582
 405.000000 22.177156 -0.095023
 405.500000 22.105438 -0.671160
 406.000000 21.922702 -0.745530
 406.500000 21.652582 -0.149911
 407.000000 21.648021 0.294422
 407.500000 21.863165 -0.066911
 408.000000 21.931493 -0.551967
 408.500000 21.892504 -0.680064
 409.000000 21.764403 -0.360325
 409.500000 21.719863 0.088319
 410.000000 21.681770 0.144980
 410.500000 21.729599 -0.099357
 411.000000 21.718924 -0.412334
 411.500000 21.706792 -0.454463
 412.000000 21.610154 -0.029276
 412.500000 21.342846 0.225290
 413.000000 21.083287 -0.017431
 413.500000 21.075388 -0.460003
 414.000000 21.171408 -0.684528
 414.500000 21.310836 -0.466381
 415.000000 21.469781 -0.142911
 415.500000 21.734762 -0.068871
 416.000000 21.988016 -0.034809
 416.500000 22.064962 -0.396693
 417.000000 22.065023 -0.399256
 417.500000 22.136274 -0.131136
 418.000000 22.341857 0.017988
 418.500000 22.596905 0.094270
 419.000000 22.797250 -0.139341
 419.500000 22.861186 -0.507171
 420.000000 22.850247 -0.439469
 420.500000 22.743970 -0.028724
 421.000000 22.420744 0.217452
 421.500000 22.173993 0.043064
 422.000000 22.129901 -0.336814
 422.500000 22.122048 -0.598718
 423.000000 21.994106 -0.430556
 423.500000 21.834100 0.079994
 424.000000 21.523854 0.111276
 424.500000 21.239810 -0.254429
 425.000000 21.030727 -0.580826
 425.500000 20.708963 -0.425740
 426.000000 20.566352 0.040573
 426.500000 20.568014 0.111194
 427.000000 20.784818 -0.386370
 427.500000 21.173657 -0.789576
 428.000000 21.604799 -0.530940
 428.500000 21.827014 -0.043846
 429.000000 22.109071 0.163257
 429.500000 22.163303 -0.161469
 430.000000 22.127451 -0.570592
 430.500000 21.994588 -0.433322
 431.000000 21.629523 0.001220
 431.500000 21.253907 0.044719
 432.000000 20.993718 -0.130779
 432.500000 20.626925 -0.399317
 433.000000 20.434200 -0.512458
 433.500000 20.260072 -0.329569
 434.000000 20.231486 0.121346
 434.500000 20.505234 0.210329
 435.000000 21.126786 -0.210283
 435.500000 21.747380 -0.770421
 436.000000 22.029088 -0.659052
 436.500000 22.154766 -0.068572
 437.000000 22.306824 0.604474
 437.500000 22.418630 0.311061
 438.000000 22.295621 -0.682054
 438.500000 21.876682 -1.041690
 439.000000 21.209998 -0.378816
 439.500000 20.615397 0.347251
 440.000000 20.037841 0.247964
 440.500000 19.795645 -0.400015
 441.000000 19.843215 -0.852963
 441.500000 20.133410 -0.696847
 442.000000 20.602303 -0.055051
 442.500000 21.124874 0.222382
 443.000000 21.548886 -0.195152
 443.500000 21.615452 -0.631074
 444.000000 21.765183 -0.596668
 444.500000 21.969252 -0.106190
 445.000000 22.167124 0.161444
 445.500000 22.359316 -0.010410
 446.000000 22.498780 -0.265845
 446.500000 22.307054 -0.467064
 447.000000 21.995407 -0.482159
 447.500000 21.609105 -0.371289
 448.000000 21.299877 -0.240854
 448.500000 20.811727 0.054202
 449.000000 20.539325 -0.121666
 449.500000 20.703611 -0.465289
 450.000000 21.008643 -0.438388
 450.500000 21.473931 -0.080424
 451.000000 22.102751 0.234179
 451.500000 22.661698 0.195760
 452.000000 23.027129 -0.187369
 452.500000 23.232952 -0.657723
 453.000000 23.300476 -0.595562
 453.500000 23.177458 0.000328
 454.000000 22.834940 0.390630
 454.500000 22.634841 0.264570
 455.000000 22.329957 -0.308055
 455.500000 21.827074 -0.615525
 456.000000 21.447370 -0.246873
 456.500000 20.914866 0.115975
 457.000000 20.382987 -0.143459
 457.500000 20.013072 -0.548489
 458.000000 19.926443 -0.449781
 458.500000 20.028755 -0.166596
 459.000000 20.346728 0.037277
 459.500000 20.925287 0.053612
 460.000000 21.594934 -0.184592
 460.500000 22.330150 -0.399979
 461.000000 22.716366 -0.306773
 461.500000 22.675034 0.011014
 462.000000 22.309693 0.221950
 462.500000 21.976328 -0.126030
 463.000000 21.552009 -0.366938
 463.500000 21.420427 -0.375590
 464.000000 21.380762 -0.119980
 464.500000 21.304364 0.003551
 465.000000 21.261388 -0.097152
 465.500000 21.202669 -0.222015
 466.000000 21.169835 -0.378571
 466.500000 21.288402 -0.466598
 467.000000 21.573237 -0.337855
 467.500000 21.793992 0.001391
 468.000000 22.146455 0.243327
 468.500000 22.444287 0.022002
 469.000000 22.519283 -0.381062
 469.500000 22.470205 -0.495883
 470.000000 22.374320 -0.258661
 470.500000 22.349907 0.100330
 471.000000 22.312767 0.298080
 471.500000 21.995304 0.008717
 472.000000 21.544984 -0.553344
 472.500000 21.017814 -0.472648
 473.000000 20.728680 -0.068856
 473.500000 20.600446 0.005339
 474.000000 20.615679 -0.343986
 474.500000 20.737341 -0.487055
 475.000000 21.021369 -0.315662
 475.500000 21.227179 0.055392
 476.000000 21.355017 0.267854
 476.500000 21.546979 -0.200206
 477.000000 21.698282 -0.508570
 477.500000 21.627336 -0.558670
 478.000000 21.672948 -0.378513
 478.500000 21.780080 0.205093
 479.000000 21.970633 0.206928
 479.500000 21.722162 -0.130799
 480.000000 21.346920 -0.326815
 480.500000 21.121617 -0.352932
 481.000000 21.186221 -0.340827
 481.500000 21.183613 -0.130342
 482.000000 21.101743 0.183560
 482.500000 21.131928 0.167047
 483.000000 21.058611 -0.336563
 483.500000 21.050049 -0.945945
 484.000000 21.189104 -0.776637
 484.500000 21.227197 0.100589
 485.000000 21.108733 0.600970
 485.500000 21.121150 0.210942
 486.000000 21.235355 -0.492719
 486.500000 21.302754 -0.683781
 487.000000 21.298798 -0.412719
 487.500000 21.276026 0.015145
 488.000000 21.316865 0.220962
 488.500000 21.326874 -0.099137
 489.000000 21.171172 -0.610190
 489.500000 20.973453 -0.773552
 490.000000 20.726338 -0.261574
 490.500000 20.557504 0.197931
 491.000000 20.722317 0.167367
 491.500000 21.006339 -0.392644
 492.000000 21.397310 -0.558915
 492.500000 21.776271 -0.360672
 493.000000 22.103918 -0.049534
 493.500000 22.353910 0.219684
 494.000000 22.469251 0.121211
 494.500000 22.562724 -0.153474
 495.000000 22.491656 -0.376060
 495.500000 22.329132 -0.286902
 496.000000 22.042287 -0.220107
 496.500000 21.822205 -0.349249
 497.000000 21.811147 -0.405021
 497.500000 21.913581 -0.216461
 498.000000 21.853164 0.062002
 498.500000 21.523095 -0.016762
 499.000000 21.312960 -0.235659
 499.500000 21.128147 -0.347544
 500.000000 20.934706 -0.286419
 500.500000 20.816686 -0.032019
 501.000000 20.732597 -0.123066
 501.500000 20.701960 -0.327115
 502.000000 20.648771 -0.318602
 502.500000 20.638165 -0.209291
 503.000000 20.716992 -0.107628
 503.500000 20.947516 -0.237367
 504.000000 21.189435 -0.546968
 504.500000 21.441626 -0.463297
 505.000000 21.798474 0.011208
 505.500000 22.160928 0.158050
 506.000000 22.595115 0.061403
 506.500000 22.649073 -0.292871
 507.000000 22.295537 -0.613377
 507.500000 21.743364 -0.577055
 508.000000 20.991186 -0.304468
 508.500000 20.251602 -0.133904
 509.000000 19.611904 -0.067647
 509.500000 19.487852 -0.051652
 510.000000 19.774033 -0.416682
 510.500000 20.233190 -0.687323
 511.000000 20.525189 -0.610837
 511.500000 20.818535 -0.151849
 512.000000 21.223991 0.161849
 512.500000 21.482731 0.110853
 513.000000 21.823402 -0.303334
 513.500000 22.050709 -0.432653
 514.000000 22.017818 -0.154205
 514.500000 21.819344 0.079795
 515.000000 21.780597 -0.178123
 515.500000 21.787769 -0.496044
 516.000000 21.767247 -0.379263
 516.500000 21.852220 0.026231
 517.000000 21.839755 0.142029
 517.500000 21.771531 -0.078802
 518.000000 21.712689 -0.468032
 518.500000 21.608056 -0.630338
 519.000000 21.458010 -0.216124
 519.500000 21.379715 0.351082
 520.000000 21.321653 0.227203
 520.500000 21.339171 -0.552780
 521.000000 21.280754 -1.066715
 521.500000 21.196606 -0.510813
 522.000000 21.225059 0.282490
 522.500000 21.353031 0.350783
 523.000000 21.409861 -0.248835
 523.500000 21.294015 -0.818350
 524.000000 21.010166 -0.577406
 524.500000 20.739677 0.180906
 525.000000 20.644126 0.420688
 525.500000 20.380308 -0.061226
 526.000000 20.266776 -0.529647
 526.500000 20.185779 -0.789976
 527.000000 20.357311 -0.569745
 527.500000 20.839236 0.061146
 528.000000 21.208622 0.268070
 528.500000 21.473829 -0.030812
 529.000000 21.588784 -0.663800
 529.500000 21.559348 -0.853977
 530.000000 21.496754 -0.309724
 530.500000 21.641902 0.449080
 531.000000 21.572883 0.380325
 531.500000 21.585634 -0.452193
 532.000000 21.826152 -0.912854
 532.500000 21.742126 -0.617690
 533.000000 21.519886 0.116160
 533.500000 21.382228 0.559383
 534.000000 21.551833 0.113689
 534.500000 21.823811 -0.664244
 535.000000 22.036594 -0.821829
 535.500000 22.244842 -0.278004
 536.000000 22.464600 0.436302
 536.500000 22.602058 0.495420
 537.000000 22.608854 -0.155446
 537.500000 22.257331 -0.769554
 538.000000 21.822037 -0.732971
 538.500000 21.324164 -0.159583
 539.000000 20.963748 0.379066
 539.500000 20.580799 0.392588
 540.000000 20.243404 -0.231833
 540.500000 20.099078 -0.681110
 541.000000 20.168209 -0.601970
 541.500000 20.543399 -0.218847
 542.000000 21.091491 0.009544
 542.500000 21.578177 -0.185675
 543.000000 22.069224 -0.458609
 543.500000 22.201974 -0.340899
 544.000000 22.184653 -0.010961
 544.500000 21.920268 -0.081131
 545.000000 21.621074 -0.369821
 545.500000 21.244536 -0.490598
 546.000000 20.867887 -0.143345
 546.500000 20.633238 -0.007469
 547.000000 20.655919 -0.232815
 547.500000 20.930566 -0.518871
 548.000000 21.295796 -0.419384
 548.500000 21.543058 0.118346
 549.000000 21.597841 0.104674
 549.500000 21.518220 -0.176932
 550.000000 21.482669 -0.369714
 550.500000 21.519519 -0.232501
 551.000000 21.625088 -0.114941
 551.500000 21.682831 0.021728
 552.000000 21.695250 -0.076879
 552.500000 21.777992 -0.254323
 553.000000 21.971202 -0.465019
 553.500000 22.045552 -0.332482
 554.000000 21.962146 -0.097918
 554.500000 21.708995 -0.005064
 555.000000 21.596118 -0.065651
 555.500000 21.474723 -0.136704
 556.000000 21.224733 -0.255037
 556.500000 21.120363 -0.318552
 557.000000 20.970369 -0.435713
 557.500000 20.690305 -0.105037
 558.000000 20.472880 0.086408
 558.500000 20.311146 -0.199923
 559.000000 20.394394 -0.649434
 559.500000 20.527566 -0.661062
 560.000000 20.617472 -0.130891
 560.500000 20.756179 0.350684
 561.000000 21.063160 0.137641
 561.500000 21.383488 -0.512369
 562.000000 21.589338 -0.884247
 562.500000 21.676772 -0.540067
 563.000000 21.629296 0.373672
 563.500000 21.693545 0.598136
 564.000000 21.848129 -0.077952
 564.500000 21.799811 -0.801067
 565.000000 21.713858 -1.002739
 565.500000 21.620735 -0.416450
 566.000000 21.446026 0.369310
 566.500000 21.095828 0.426896
 567.000000 20.726622 -0.327144
 567.500000 20.431762 -1.238026
 568.000000 20.208935 -1.052196
 568.500000 20.415623 0.244312
 569.000000 20.936218 1.063636
 569.500000 21.596062 0.220177
 570.000000 22.309349 -1.058201
 570.500000 22.827919 -1.240041
 571.000000 23.011471 -0.038438
 571.500000 22.863851 0.953755
 572.000000 22.520187 0.573020
 572.500000 21.991574 -0.525969
 573.000000 21.399880 -1.002242
 573.500000 21.002078 -0.326808
 574.000000 20.820171 0.544594
 574.500000 20.877807 0.560038
 575.000000 21.084219 -0.367593
 575.500000 21.437755 -1.075217
 576.000000 21.757620 -0.898677
 576.500000 22.095375 0.095163
 577.000000 22.610861 0.637527
 577.500000 23.102688 0.253827
 578.000000 23.375283 -0.536253
 578.500000 23.307188 -0.825645
 579.000000 23.028941 -0.337621
 579.500000 22.476720 0.207299
 580.000000 21.767514 -0.000377
 580.500000 21.065558 -0.414862
 581.000000 20.286677 -0.466716
 581.500000 19.721954 -0.114891
 582.000000 19.643444 0.128541
 582.500000 19.724269 -0.008085
 583.000000 19.952186 -0.477585
 583.500000 20.170170 -0.748122
 584.000000 20.560405 -0.198299
 584.500000 21.205929 0.395283
 585.000000 21.751734 0.323829
 585.500000 22.188623 -0.152476
 586.000000 22.524477 -0.651808
 586.500000 22.819072 -0.515437
 587.000000 23.060942 0.098749
 587.500000 23.048642 0.416541
 588.000000 22.621204 0.104174
 588.500000 21.900506 -0.676035
 589.000000 20.996594 -0.926064
 589.500000 20.258822 -0.585660
 590.000000 19.744299 0.115234
 590.500000 19.506731 0.359616
 591.000000 19.663414 -0.174664
 591.500000 20.142657 -0.853458
 592.000000 20.658269 -0.851285
 592.500000 21.129668 -0.189384
 593.000000 21.771661 0.333151
 593.500000 22.085617 0.112926
 594.000000 22.266218 -0.468799
 594.500000 22.216556 -0.690338
 595.000000 22.050248 -0.301142
 595.500000 21.836317 0.159217
 596.000000 21.706970 0.187969
 596.500000 21.646181 -0.117621
 597.000000 21.612048 -0.734795
 597.500000 21.507370 -0.844225
 598.000000 21.378868 -0.129579
 598.500000 20.942623 0.484642
 599.000000 20.577351 0.382196
 599.500000 20.450080 -0.411452
 600.000000 20.385764 -0.897235
 600.500000 20.325462 -0.534650
 601.000000 20.312421 0.098182
 601.500000 20.477989 0.490455
 602.000000 20.699771 0.266709
 602.500000 20.928397 -0.450688
 603.000000 21.093539 -0.791142
 603.500000 21.237460 -0.389179
 604.000000 21.488469 0.186574
 604.500000 21.900593 0.328606
 605.000000 22.169874 -0.115049
 605.500000 22.307706 -0.733934
 606.000000 22.213369 -0.517686
 606.500000 21.967123 0.225169
 607.000000 21.664836 0.500538
 607.500000 21.322602 -0.181406
 608.000000 21.061690 -0.869453
 608.500000 20.765870 -0.796945
 609.000000 20.757287 -0.057135
 609.500000 20.914918 0.492913
 610.000000 21.278633 0.065375
 610.500000 21.880183 -0.530937
 611.000000 22.153919 -0.644083
 611.500000 22.219994 -0.241163
 612.000000 22.090378 0.273683
 612.500000 22.004503 0.241930
 613.000000 21.933592 -0.274432
 613.500000 21.815762 -0.687760
 614.000000 21.548963 -0.501010
 614.500000 21.272286 0.124555
 615.000000 21.256825 0.327300
 615.500000 21.194617 -0.024923
 616.000000 21.246585 -0.482692
 616.500000 21.435378 -0.687128
 617.000000 21.800831 -0.390131
 617.500000 22.147667 0.164072
 618.000000 22.411100 0.326509
 618.500000 22.589202 -0.068531
 619.000000 22.550240 -0.512497
 619.500000 22.419610 -0.568807
 620.000000 22.194410 -0.293371
 620.500000 22.005132 0.040532
 621.000000 21.985136 -0.079968
 621.500000 21.889238 -0.305093
 622.000000 21.570451 -0.182857
 622.500000 21.283819 0.058869
 623.000000 21.127887 0.029332
 623.500000 21.148562 -0.249922
 624.000000 21.056332 -0.331142
 624.500000 20.997969 -0.331070
 625.000000 20.797188 -0.112060
 625.500000 20.521009 0.066261
 626.000000 20.508401 -0.055943
 626.500000 20.566019 -0.100285
 627.000000 20.791995 -0.187399
 627.500000 21.240466 -0.306551
 628.000000 21.774104 -0.430688
 628.500000 22.070758 -0.302772
 629.000000 22.210787 0.136714
 629.500000 22.428542 0.369435
 630.000000 22.657654 -0.156867
 630.500000 22.790832 -0.853560
 631.000000 22.760349 -0.700113
 631.500000 22.478614 0.162836
 632.000000 22.172298 0.691800
 632.500000 21.761783 0.091219
 633.000000 21.198182 -0.889261
 633.500000 20.553407 -1.022263
 634.000000 20.015060 -0.170028
 634.500000 19.598139 0.599402
 635.000000 19.687558 0.117921
 635.500000 20.244755 -0.929076
 636.000000 20.715515 -1.095457
 636.500000 21.212569 -0.336158
 637.000000 21.884883 0.677908
 637.500000 22.512960 0.728208
 638.000000 22.917425 -0.141562
 638.500000 23.008235 -0.923610
 639.000000 22.894579 -0.830478
 639.500000 22.887579 -0.215756
 640.000000 22.616136 0.478200
 640.500000 22.153679 0.635583
 641.000000 21.657583 -0.203103
 641.500000 21.319508 -0.951604
 642.000000 21.058335 -0.885998
 642.500000 20.961129 -0.173248
 643.000000 20.848928 0.626423
 643.500000 20.774623 0.459540
 644.000000 20.686313 -0.479998
 644.500000 20.687727 -1.254778
 645.000000 20.689882 -0.850420
 645.500000 20.976572 0.278402
 646.000000 21.427402 0.614083
 646.500000 21.697420 -0.099839
 647.000000 21.973158 -0.893593
 647.500000 22.019203 -1.035408
 648.000000 21.816222 -0.219484
 648.500000 21.422993 0.575911
 649.000000 21.140043 0.452984
 649.500000 20.970014 -0.346714
 650.000000 20.826587 -0.953621
 650.500000 20.640478 -0.649258
 651.000000 20.505583 0.220576
 651.500000 20.620090 0.494721
 652.000000 20.902441 -0.076644
 652.500000 21.443096 -0.882988
 653.000000 21.935163 -1.017252
 653.500000 22.136540 -0.205053
 654.000000 22.218688 0.707591
 654.500000 22.420900 0.651942
 655.000000 22.524111 -0.391245
 655.500000 22.404163 -1.264870
 656.000000 22.294988 -0.886691
 656.500000 22.058767 0.346508
 657.000000 21.721464 0.884225
 657.500000 21.489449 0.225634
 658.000000 21.414222 -0.663912
 658.500000 21.521067 -0.680335
 659.000000 21.632549 -0.079028
 659.500000 21.620717 0.362318
 660.000000 21.729229 0.070952
 660.500000 21.626959 -0.480188
 661.000000 21.419549 -0.634659
 661.500000 21.347512 -0.256037
 662.000000 21.174668 0.348921
 662.500000 21.222326 0.358122
 663.000000 21.548627 -0.166758
 663.500000 22.118053 -0.792589
 664.000000 22.643614 -0.801194
 664.500000 22.985695 -0.125230
 665.000000 23.086789 0.520225
 665.500000 22.931224 0.495993
 666.000000 22.353401 -0.291127
 666.500000 21.370130 -0.989285
 667.000000 20.482940 -0.608530
 667.500000 19.765850 0.226803
 668.000000 19.409041 0.404835
 668.500000 19.501158 -0.257632
 669.000000 19.737233 -1.004163
 669.500000 20.030412 -0.843399
 670.000000 20.410695 0.105911
 670.500000 21.007468 0.655978
 671.000000 21.791655 0.157357
 671.500000 22.771818 -0.774321
 672.000000 23.524536 -0.753893
 672.500000 23.889599 -0.071059
 673.000000 24.057375 0.599046
 673.500000 23.933757 0.403337
 674.000000 23.481925 -0.484149
 674.500000 22.776731 -0.859456
 675.000000 21.863792 -0.339475
 675.500000 20.710963 0.409372
 676.000000 19.711542 0.431488
 676.500000 19.181945 -0.498886
 677.000000 19.097395 -1.311879
 677.500000 19.358806 -0.909487
 678.000000 19.697552 0.104244
 678.500000 20.317637 0.434188
 679.000000 21.101669 -0.232585
 679.500000 21.794315 -0.993743
 680.000000 22.452652 -0.807232
 680.500000 22.933948 0.050335
 681.000000 23.234600 0.723316
 681.500000 23.273957 0.278060
 682.000000 23.071648 -0.566777
 682.500000 22.692450 -0.875719
 683.000000 22.043713 -0.297900
 683.500000 21.609455 0.421584
 684.000000 21.034147 0.223229
 684.500000 20.363977 -0.679781
 685.000000 19.823923 -1.151543
 685.500000 19.586775 -0.428462
 686.000000 19.677745 0.427465
 686.500000 19.966471 0.169229
 687.000000 20.286101 -0.574500
 687.500000 20.592185 -0.859972
 688.000000 20.833706 -0.231875
 688.500000 21.145975 0.322717
 689.000000 21.547784 0.237428
 689.500000 21.887668 -0.264456
 690.000000 22.349067 -0.707980
 690.500000 22.617271 -0.690879
 691.000000 22.804957 0.024644
 691.500000 22.646584 0.537764
 692.000000 22.306759 0.135780
 692.500000 21.854355 -0.610257
 693.000000 21.377752 -0.643144
 693.500000 21.043314 0.052639
 694.000000 20.865827 0.479118
 694.500000 20.897697 -0.016949
 695.000000 20.869213 -0.653411
 695.500000 21.002405 -0.664118
 696.000000 21.340893 -0.226095
 696.500000 21.541199 0.175060
 697.000000 21.669069 0.286291
 697.500000 21.692494 -0.292482
 698.000000 21.956566 -0.816043
 698.500000 22.239092 -0.460840
 699.000000 22.281664 0.347189
 699.500000 22.090165 0.633181
 700.000000 21.731749 -0.010024
 700.500000 21.424918 -0.787494
 701.000000 21.242373 -0.772696
 701.500000 20.985501 -0.215691
 702.000000 20.772995 0.311569
 702.500000 20.713023 0.153759
 703.000000 20.665744 -0.479569
 703.500000 20.567788 -0.719832
 704.000000 20.537964 -0.490180
 704.500000 20.787577 -0.030151
 705.000000 21.182192 0.036794
 705.500000 21.452060 -0.151266
 706.000000 21.744522 -0.432389
 706.500000 22.106102 -0.348324
 707.000000 22.486545 -0.177019
 707.500000 22.770977 -0.088652
 708.000000 22.843863 0.082542
 708.500000 22.834342 -0.190651
 709.000000 22.747296 -0.668622
 709.500000 22.604318 -0.803864
 710.000000 22.333756 -0.311397
 710.500000 22.175292 0.510007
 711.000000 21.972850 0.367561
 711.500000 21.628972 -0.322163
 712.000000 21.563024 -0.778968
 712.500000 21.447804 -0.563806
 713.000000 21.237272 0.067321
 713.500000 21.114275 0.169112
 714.000000 20.878352 -0.213428
 714.500000 21.040568 -0.569468
 715.000000 21.190588 -0.548358
 715.500000 21.275246 -0.205495
 716.000000 21.154763 0.034941
 716.500000 21.090574 0.205111
 717.000000 20.941537 -0.065177
 717.500000 20.875658 -0.411485
 718.000000 20.946621 -0.580081
 718.500000 21.134918 -0.237609
 719.000000 21.683040 0.049641
 719.500000 22.183897 0.003724
 720.000000 22.519416 -0.386851
 720.500000 22.699027 -0.461356
 721.000000 22.711392 -0.180515
 721.500000 22.644000 0.269563
 722.000000 22.622601 0.317989
 722.500000 22.484624 -0.234411
 723.000000 22.277745 -0.729589
 723.500000 21.846282 -0.486863
 724.000000 21.441995 0.151791
 724.500000 21.190977 0.249390
 725.000000 21.052384 -0.141725
 725.500000 20.925037 -0.715646
 726.000000 20.692481 -0.607122
 726.500000 20.735982 -0.042690
 727.000000 20.799415 0.065616
 727.500000 20.823674 -0.009567
 728.000000 20.844400 -0.414214
 728.500000 20.907491 -0.623470
 729.000000 21.082351 -0.213155
 729.500000 21.192250 0.323852
 730.000000 21.521064 0.080369
 730.500000 21.829700 -0.576381
 731.000000 22.154693 -0.803974
 731.500000 22.419073 -0.253579
 732.000000 22.607924 0.369342
 732.500000 22.827828 0.236953
 733.000000 22.992114 -0.277033
 733.500000 23.171496 -0.463054
 734.000000 23.093427 -0.214672
 734.500000 22.623647 0.110880
 735.000000 21.929189 0.036457
 735.500000 21.166958 -0.381228
 736.000000 20.583963 -0.735110
 736.500000 20.104216 -0.457804
 737.000000 19.797440 0.097365
 737.500000 19.959691 0.082136
 738.000000 20.462933 -0.443689
 738.500000 21.127186 -0.745000
 739.000000 21.797983 -0.504314
 739.500000 22.505548 0.078660
 740.000000 23.224537 0.391259
 740.500000 23.940183 0.097775
 741.000000 24.401507 -0.512566
 741.500000 24.530903 -0.661661
 742.000000 24.238515 -0.065000
 742.500000 23.593671 0.475799
 743.000000 22.735567 0.446302
 743.500000 21.795164 -0.200767
 744.000000 20.943752 -0.903757
 744.500000 20.132324 -0.787756
 745.000000 19.459833 -0.036878
 745.500000 19.152869 0.240859
 746.000000 19.388163 -0.205124
 746.500000 20.000420 -0.659476
 747.000000 20.767941 -0.765307
 747.500000 21.595106 -0.254069
 748.000000 22.394800 0.300857
 748.500000 22.861011 0.288813
 749.000000 23.149040 -0.407561
 749.500000 23.320714 -0.781979
 750.000000 23.274067 -0.551549
 750.500000 23.142128 0.046401
 751.000000 22.918902 0.326890
 751.500000 22.603041 -0.047240
 752.000000 22.069943 -0.476124
 752.500000 21.417423 -0.401064
 753.000000 20.952711 -0.056182
 753.500000 20.419445 0.138193
 754.000000 20.079810 -0.253976
 754.500000 20.031593 -0.535155
 755.000000 20.065880 -0.544120
 755.500000 20.124500 -0.253305
 756.000000 20.433124 -0.025020
 756.500000 21.044637 -0.092493
 757.000000 21.764447 -0.235780
 757.500000 22.427064 -0.362459
 758.000000 22.944944 -0.314057
 758.500000 23.056212 -0.094724
 759.000000 23.052961 0.092603
 759.500000 22.858099 0.130873
 760.000000 22.506421 -0.283758
 760.500000 22.042589 -0.575188
 761.000000 21.260405 -0.467018
 761.500000 20.305892 -0.175537
 762.000000 19.509879 0.064968
 762.500000 18.914031 -0.230381
 763.000000 18.469621 -0.495913
 763.500000 18.230706 -0.722727
 764.000000 18.569044 -0.734664
 764.500000 19.387146 -0.300721
 765.000000 20.641241 -0.023347
 765.500000 21.981813 -0.016566
 766.000000 23.362895 -0.137886
 766.500000 24.571715 -0.331667
 767.000000 25.381369 -0.339879
 767.500000 25.521444 -0.077415
 768.000000 25.260067 0.046818
 768.500000 24.411050 -0.098692
 769.000000 23.173132 -0.312286
 769.500000 21.746540 -0.310865
 770.000000 20.381211 -0.085141
 770.500000 19.343106 -0.151809
 771.000000 18.731257 -0.359760
 771.500000 18.574118 -0.495256
 772.000000 18.746169 -0.252906
 772.500000 19.548417 -0.079164
 773.000000 20.825742 -0.180783
 773.500000 22.132734 -0.320767
 774.000000 23.185114 -0.280023
 774.500000 23.833906 -0.029327
 775.000000 24.082343 -0.044892
 775.500000 23.815186 -0.035223
 776.000000 23.207705 -0.026767
 776.500000 22.398920 -0.160092
 777.000000 21.643612 -0.324814
 777.500000 20.935256 -0.242323
 778.000000 20.309164 -0.117392
 778.500000 19.929526 -0.234916
 779.000000 19.882164 -0.463338
 779.500000 20.104502 -0.391764
 780.000000 20.314579 -0.101368
 780.500000 20.861346 -0.067649
 781.000000 21.478759 -0.305862
 781.500000 22.009051 -0.474904
 782.000000 22.397785 -0.363565
 782.500000 22.600096 0.024895
 783.000000 22.753825 0.076558
 783.500000 22.825194 -0.089085
 784.000000 22.739429 -0.350085
 784.500000 22.478656 -0.359697
 785.000000 22.178822 0.022733
 785.500000 21.732084 0.022507
 786.000000 21.177455 -0.160587
 786.500000 20.634212 -0.642344
 787.000000 20.115707 -0.710647
 787.500000 19.701965 -0.297432
 788.000000 19.627207 0.190265
 788.500000 19.749488 0.199040
 789.000000 19.993475 -0.459458
 789.500000 20.356004 -0.947303
 790.000000 20.852306 -0.817887
 790.500000 21.511597 0.063879
 791.000000 22.181446 0.613797
 791.500000 22.691278 0.190747
 792.000000 22.759481 -0.713672
 792.500000 22.712611 -0.938982
 793.000000 22.519876 -0.220174
 793.500000 22.283514 0.547933
 794.000000 21.861317 0.367247
 794.500000 21.532798 -0.593710
 795.000000 21.303213 -1.134985
 795.500000 21.088775 -0.587674
 796.000000 20.931414 0.349686
 796.500000 20.935345 0.343338
 797.000000 21.195314 -0.309364
 797.500000 21.577479 -0.724824
 798.000000 21.929635 -0.599728
 798.500000 22.279378 -0.067957
 799.000000 22.604777 0.129924
 799.500000 22.632956 -0.004469
 800.000000 22.666675 -0.309204
 800.500000 22.320511 -0.726026
 801.000000 21.846468 -0.569880
 801.500000 21.409789 0.056350
 802.000000 20.858228 0.559596
 802.500000 20.347077 0.240497
 803.000000 20.021759 -0.725935
 803.500000 19.929872 -1.170158
 804.000000 19.887804 -0.481011
 804.500000 19.953235 0.355532
 805.000000 20.105155 0.499934
 805.500000 20.408362 -0.150118
 806.000000 20.834077 -0.896291
 806.500000 21.086826 -0.846780
 807.000000 21.063295 -0.246453
 807.500000 21.050606 0.452250
 808.000000 20.910915 0.327360
 808.500000 20.778844 -0.469014
 809.000000 20.633049 -0.978649
 809.500000 20.665167 -0.451247
 810.000000 20.891738 0.564492
 810.500000 21.296613 0.664173
 811.000000 21.873581 -0.102850
 811.500000 22.177559 -0.844912
 812.000000 22.183254 -0.930928
 812.500000 22.044948 -0.135092
 813.000000 22.008652 0.429149
 813.500000 22.125829 0.201860
 814.000000 22.257775 -0.554533
 814.500000 22.316351 -0.724387
 815.000000 22.179947 -0.149033
 815.500000 22.109786 0.383850
 816.000000 22.075096 0.345892
 816.500000 22.030249 -0.378832
 817.000000 21.952590 -0.956239
 817.500000 21.688730 -0.714980
 818.000000 21.397541 -0.048365
 818.500000 21.134520 0.063000
 819.000000 20.976236 -0.440325
 819.500000 20.685155 -0.678504
 820.000000 20.423584 -0.436746
 820.500000 20.133090 0.234189
 821.000000 19.842794 0.530408
 821.500000 19.723457 -0.030739
 822.000000 20.124737 -0.687524
 822.500000 20.867348 -0.643578
 823.000000 21.810198 -0.116502
 823.500000 22.714857 0.157178
 824.000000 23.308606 0.025970
 824.500000 23.629165 -0.507681
 825.000000 23.628682 -0.653662
 825.500000 23.328407 -0.107596
 826.000000 22.783111 0.416974
 826.500000 21.956100 0.339047
 827.000000 20.952970 -0.344581
 827.500000 19.968083 -0.793440
 828.000000 19.296389 -0.566871
 828.500000 19.196601 -0.070666
 829.000000 19.462643 0.241082
 829.500000 19.718347 -0.217474
 830.000000 19.945237 -0.884768
 830.500000 20.153858 -0.814962
 831.000000 20.278186 -0.152942
 831.500000 20.572009 0.527164
 832.000000 20.906496 0.248759
 832.500000 21.112648 -0.694237
 833.000000 21.129385 -0.877503
 833.500000 21.129170 -0.391698
 834.000000 21.128450 0.292166
 834.500000 21.019868 0.477197
 835.000000 21.060396 -0.197953
 835.500000 21.311514 -0.787814
 836.000000 21.749453 -0.729688
 836.500000 22.228738 -0.359306
 837.000000 22.580900 -0.032381
 837.500000 22.761586 0.053504
 838.000000 23.009019 -0.008505
 838.500000 23.192956 -0.236798
 839.000000 23.123677 -0.150412
 839.500000 22.674422 0.042413
 840.000000 22.169450 0.044784
 840.500000 21.744974 -0.316623
 841.000000 21.599160 -0.498222
 841.500000 21.615607 -0.533541
 842.000000 21.643936 -0.165953
 842.500000 21.856401 0.152669
 843.000000 22.223920 0.097817
 843.500000 22.727325 -0.275941
 844.000000 23.043512 -0.676671
 844.500000 23.017666 -0.568725
 845.000000 22.892985 0.048097
 845.500000 22.710097 0.371382
 846.000000 22.495078 -0.013134
 846.500000 22.389733 -0.466621
 847.000000 22.193499 -0.690036
 847.500000 21.795333 -0.427165
 848.000000 21.456086 -0.030148
 848.500000 21.258856 0.232795
 849.000000 21.439511 -0.055683
 849.500000 21.652065 -0.521116
 850.000000 21.733031 -0.683101
 850.500000 21.660991 -0.517030
 851.000000 21.654217 -0.192389
 851.500000 21.671585 -0.008029
 852.000000 21.553516 -0.104629
 852.500000 21.498360 -0.346518
 853.000000 21.552320 -0.311074
 853.500000 21.624969 -0.066888
 854.000000 21.454165 0.001145
 854.500000 21.471076 -0.198518
 855.000000 21.665104 -0.490769
 855.500000 21.883308 -0.752697
 856.000000 22.007081 -0.367158
 856.500000 21.919899 0.279707
 857.000000 21.913782 0.399994
 857.500000 22.008612 -0.126993
 858.000000 21.989897 -0.792432
 858.500000 21.779962 -0.808901
 859.000000 21.524618 -0.037643
 859.500000 21.297779 0.603216
 860.000000 21.047897 0.512339
 860.500000 20.990467 -0.310584
 861.000000 21.079649 -0.990849
 861.500000 21.042994 -0.674451
 862.000000 20.821957 0.312750
 862.500000 20.647508 0.729254
 863.000000 20.971871 0.076355
 863.500000 21.426476 -0.942556
 864.000000 21.998667 -1.063008
 864.500000 22.798716 -0.060528
 865.000000 23.582407 0.808185
 865.500000 24.130997 0.400131
 866.000000 24.133297 -0.692790
 866.500000 23.697814 -1.186541
 867.000000 22.803082 -0.562961
 867.500000 21.592675 0.336734
 868.000000 20.470753 0.409920
 868.500000 19.628902 -0.480129
 869.000000 19.099031 -1.157781
 869.500000 18.835480 -0.783001
 870.000000 19.006223 0.277754
 870.500000 19.489453 0.550421
 871.000000 20.092352 -0.196924
 871.500000 20.910458 -0.940953
 872.000000 21.818210 -0.767890
 872.500000 22.762471 0.048909
 873.000000 23.644820 0.646322
 873.500000 24.215232 0.408597
 874.000000 24.317526 -0.455100
 874.500000 23.861626 -0.910526
 875.000000 23.164700 -0.447137
 875.500000 22.214616 0.341178
 876.000000 21.206987 0.399502
 876.500000 20.317775 -0.201292
 877.000000 19.783171 -0.790993
 877.500000 19.894652 -0.813983
 878.000000 20.325371 -0.245824
 878.500000 20.927202 0.157527
 879.000000 21.627272 0.203467
 879.500000 22.122690 -0.067037
 880.000000 22.574339 -0.500267
 880.500000 22.930355 -0.540269
 881.000000 23.102347 0.077213
 881.500000 23.296223 0.449772
 882.000000 23.264652 0.317004
 882.500000 23.083488 -0.399938
 883.000000 22.694997 -0.909522
 883.500000 22.164593 -0.473312
 884.000000 21.451350 0.038136
 884.500000 20.776044 0.185503
 885.000000 20.372177 -0.244142
 885.500000 20.095824 -0.637361
 886.000000 20.079069 -0.490817
 886.500000 20.380571 -0.246880
 887.000000 20.693842 -0.080568
 887.500000 21.067395 0.049329
 888.000000 21.351203 -0.259787
 888.500000 21.588992 -0.396387
 889.000000 21.925798 -0.337419
 889.500000 22.251120 -0.200371
 890.000000 22.432533 -0.216538
 890.500000 22.515033 -0.307543
 891.000000 22.221935 -0.274958
 891.500000 21.843724 -0.127680
 892.000000 21.487217 -0.137456
 892.500000 20.949588 -0.093501
 893.000000 20.250873 -0.211862
 893.500000 19.538015 -0.211239
 894.000000 19.060689 -0.325168
 894.500000 18.983960 -0.494822
 895.000000 19.121003 -0.722979
 895.500000 19.631785 -0.529288
 896.000000 20.417584 0.165247
 896.500000 21.223850 0.267458
 897.000000 21.831666 -0.365322
 897.500000 22.181382 -0.816104
 898.000000 22.442387 -0.553736
 898.500000 22.468732 -0.069973
 899.000000 22.299861 0.051316
 899.500000 22.048380 -0.232013
 900.000000 21.730183 -0.434689
 900.500000 21.286849 -0.194853
 901.000000 20.764103 -0.022882
 901.500000 20.522740 -0.122642
 902.000000 20.668050 -0.489454
 902.500000 21.156429 -0.479024
 903.000000 21.766282 -0.085718
 903.500000 22.333148 0.059052
 904.000000 22.911897 -0.059278
 904.500000 23.047811 -0.424405
 905.000000 22.864588 -0.447944
 905.500000 22.223817 -0.187007
 906.000000 21.556043 0.127653
 906.500000 21.119783 0.060918
 907.000000 20.819216 -0.476996
 907.500000 20.604604 -0.761882
 908.000000 20.519239 -0.345348
 908.500000 20.643566 0.234814
 909.000000 20.872346 0.079564
 909.500000 21.194018 -0.450047
 910.000000 21.667220 -0.806178
 910.500000 22.240094 -0.535310
 911.000000 22.892195 0.199570
 911.500000 23.168788 0.368199
 912.000000 23.076366 -0.035713
 912.500000 22.798634 -0.509895
 913.000000 22.387285 -0.541875
 913.500000 21.823130 -0.050768
 914.000000 21.058492 0.252521
 914.500000 20.424571 0.307274
 915.000000 19.974433 -0.172403
 915.500000 19.818985 -0.706788
 916.000000 20.099861 -0.774460
 916.500000 20.398301 -0.235280
 917.000000 20.807741 0.307596
 917.500000 21.404687 0.131750
 918.000000 22.003782 -0.585316
 918.500000 22.388973 -0.889781
 919.000000 22.316393 -0.614535
 919.500000 21.971159 -0.075759
 920.000000 21.751758 0.057361
 920.500000 21.466209 -0.148708
 921.000000 21.023837 -0.324230
 921.500000 20.625558 -0.411239
 922.000000 20.338004 -0.073350
 922.500000 20.070735 0.319005
 923.000000 20.217274 0.064446
 923.500000 20.510664 -0.439886
 924.000000 20.656324 -0.681851
 924.500000 20.707864 -0.445243
 925.000000 21.003969 0.162876
 925.500000 21.275845 0.508151
 926.000000 21.675670 0.037622
 926.500000 22.036805 -0.561981
 927.000000 22.373960 -0.586067
 927.500000 22.682731 -0.083073
 928.000000 22.875870 0.298016
 928.500000 23.044761 0.041228
 929.000000 22.845613 -0.598734
 929.500000 22.410409 -0.854425
 930.000000 22.121215 -0.455857
 930.500000 21.970004 0.252249
 931.000000 21.736043 0.320241
 931.500000 21.460319 -0.228831
 932.000000 21.078408 -0.521799
 932.500000 20.794443 -0.510091
 933.000000 20.552911 -0.111344
 933.500000 20.378235 0.101378
 934.000000 20.350606 -0.098213
 934.500000 20.384571 -0.584471
 935.000000 20.598019 -0.765000
 935.500000 21.056633 -0.377125
 936.000000 21.596039 0.005562
 936.500000 22.114701 0.150057
 937.000000 22.317248 -0.353462
 937.500000 22.399400 -0.798894
 938.000000 22.529646 -0.528485
 938.500000 22.502105 0.219221
 939.000000 22.433830 0.256126
 939.500000 22.161775 -0.351977
 940.000000 21.829206 -0.833159
 940.500000 21.429896 -0.516950
 941.000000 20.970347 0.136766
 941.500000 20.814838 0.171021
 942.000000 20.876388 -0.325077
 942.500000 20.987430 -0.632659
 943.000000 21.146303 -0.393917
 943.500000 21.332001 0.086516
 944.000000 21.655381 0.199206
 944.500000 22.027547 -0.002548
 945.000000 22.239976 -0.414771
 945.500000 22.434434 -0.540140
 946.000000 22.564705 -0.268531
 946.500000 22.693255 0.143356
 947.000000 22.793644 0.099137
 947.500000 22.740252 -0.224896
 948.000000 22.511598 -0.492661
 948.500000 22.265523 -0.391873
 949.000000 22.018955 -0.007082
 949.500000 21.593414 -0.011373
 950.000000 21.406543 -0.240428
 950.500000 21.343192 -0.458073
 951.000000 21.185527 -0.456988
 951.500000 21.030841 -0.001066
 952.000000 20.916441 0.060332
 952.500000 20.919121 -0.344983
 953.000000 21.180431 -0.544146
 953.500000 21.578382 -0.332473
 954.000000 22.044864 0.004868
 954.500000 22.402459 0.201373
 955.000000 22.731600 -0.052981
 955.500000 22.933516 -0.468381
 956.000000 22.966572 -0.583969
 956.500000 22.652012 -0.245360
 957.000000 21.887499 0.103901
 957.500000 21.070032 -0.043861
 958.000000 20.250729 -0.521105
 958.500000 19.292897 -0.593824
 959.000000 18.397415 -0.306575
 959.500000 17.814295 -0.145158
 960.000000 17.785166 -0.291955
 960.500000 18.210520 -0.581236
 961.000000 19.163644 -0.352627
 961.500000 20.192708 -0.128453
 962.000000 21.406842 -0.238061
 962.500000 22.494288 -0.421732
 963.000000 23.226876 -0.293482
 963.500000 23.505018 -0.096005
 964.000000 23.502716 -0.031875
 964.500000 23.146007 -0.013864
 965.000000 22.534899 -0.180712
 965.500000 22.085674 -0.232838
 966.000000 21.646574 -0.147968
 966.500000 21.354059 -0.115369
 967.000000 21.310328 -0.150370
 967.500000 21.194677 -0.322428
 968.000000 21.210110 -0.412466
 968.500000 21.292383 -0.360904
 969.000000 21.442387 -0.158855
 969.500000 21.554949 -0.285154
 970.000000 21.643350 -0.389511
 970.500000 21.582332 -0.326008
 971.000000 21.189042 -0.072359
 971.500000 20.600176 0.111748
 972.000000 20.187352 -0.139257
 972.500000 20.090442 -0.562959
 973.000000 20.031069 -0.749572
 973.500000 19.931436 -0.682328
 974.000000 19.965067 -0.155312
 974.500000 20.046348 0.486483
 975.000000 20.530324 0.487867
 975.500000 21.171042 -0.221682
 976.000000 21.602042 -0.798977
 976.500000 21.973359 -0.581805
 977.000000 22.286212 0.058373
 977.500000 22.645182 0.381975
 978.000000 22.873263 0.062379
 978.500000 22.677009 -0.551075
 979.000000 22.227245 -0.693605
 979.500000 21.693938 -0.098240
 980.000000 21.279251 0.472664
 980.500000 21.110092 0.153658
 981.000000 20.929463 -0.610497
 981.500000 20.941640 -0.972273
 982.000000 21.215002 -0.465572
 982.500000 21.392388 0.184008
 983.000000 21.402759 0.347871
 983.500000 21.465637 -0.271764
 984.000000 21.504563 -0.902826
 984.500000 21.605945 -0.834230
 985.000000 21.698778 -0.040077
 985.500000 21.844468 0.683174
 986.000000 21.984017 0.416030
 986.500000 21.817335 -0.387838
 987.000000 21.482304 -0.828567
 987.500000 20.935780 -0.452750
 988.000000 20.035060 0.346558
 988.500000 19.357347 0.343306
 989.000000 19.184943 -0.335252
 989.500000 19.204661 -0.846458
 990.000000 19.455528 -0.687494
 990.500000 20.203919 0.134349
 991.000000 21.147416 0.429772
 991.500000 22.063207 0.023447
 992.000000 22.889064 -0.628126
 992.500000 23.141748 -0.609644
 993.000000 23.025710 -0.127679
 993.500000 22.678403 0.194274
 994.000000 22.162555 0.318250
 994.500000 21.773171 -0.058936
 995.000000 21.525559 -0.678334
 995.500000 21.429825 -0.839272
 996.000000 21.433748 -0.384140
 996.500000 21.586803 0.389456
 997.000000 21.793288 0.376858
 997.500000 21.818376 -0.330802
 998.000000 21.890224 -0.899476
 998.500000 21.861483 -0.502161
 999.000000 21.539197 0.295053
 999.500000 21.183219 0.508613
 1000.000000 21.049117 -0.117498
