#! FIELDS time p.x p.y
 50.000000 -0.491368 1.351527
 50.500000 -0.571615 1.273043
 51.000000 -0.372782 1.523300
 51.500000 -0.634479 1.284691
 52.000000 -0.480693 1.464669
 52.500000 -0.569461 1.360786
 53.000000 -0.567836 1.354268
 53.500000 -0.512826 1.496228
 54.000000 -0.632026 1.434369
 54.500000 -0.574808 1.578376
 55.000000 -0.691971 1.519283
 55.500000 -0.664788 1.481487
 56.000000 -0.537765 1.564866
 56.500000 -0.722602 1.333487
 57.000000 -0.445923 1.550443
 57.500000 -0.592427 1.311001
 58.000000 -0.432445 1.415998
 58.500000 -0.461973 1.361077
 59.000000 -0.559676 1.260909
 59.500000 -0.371998 1.462945
 60.000000 -0.581995 1.318853
 60.500000 -0.496341 1.408457
 61.000000 -0.460796 1.482921
 61.500000 -0.690825 1.244647
 62.000000 -0.366795 1.565374
 62.500000 -0.650715 1.285170
 63.000000 -0.573342 1.361053
 63.500000 -0.384551 1.564600
 64.000000 -0.715965 1.272483
 64.500000 -0.455211 1.533259
 65.000000 -0.551108 1.428847
 65.500000 -0.701812 1.322650
 66.000000 -0.438741 1.606347
 66.500000 -0.700711 1.386059
 67.000000 -0.595092 1.523004
 67.500000 -0.583516 1.523897
 68.000000 -0.701548 1.414060
 68.500000 -0.555633 1.544936
 69.000000 -0.662897 1.438634
 69.500000 -0.693956 1.408451
 70.000000 -0.517940 1.568045
 70.500000 -0.632062 1.437444
 71.000000 -0.605135 1.406985
 71.500000 -0.476467 1.520150
 72.000000 -0.669395 1.311548
 72.500000 -0.483241 1.471455
 73.000000 -0.537749 1.419161
 73.500000 -0.568785 1.336389
 74.000000 -0.435930 1.498131
 74.500000 -0.650291 1.362485
 75.000000 -0.559296 1.496093
 75.500000 -0.666362 1.479414
 76.000000 -0.669498 1.476115
 76.500000 -0.558272 1.606937
 77.000000 -0.715597 1.471539
 77.500000 -0.583823 1.589562
 78.000000 -0.679307 1.447994
 78.500000 -0.621964 1.510934
 79.000000 -0.522627 1.526487
 79.500000 -0.654229 1.309549
 80.000000 -0.448463 1.473223
 80.500000 -0.580401 1.332077
 81.000000 -0.528888 1.408355
 81.500000 -0.458851 1.476720
 82.000000 -0.628227 1.343543
 82.500000 -0.507989 1.512274
 83.000000 -0.585969 1.417073
 83.500000 -0.599216 1.443478
 84.000000 -0.486058 1.549577
 84.500000 -0.673791 1.359144
 85.000000 -0.521093 1.512566
 85.500000 -0.545653 1.472689
 86.000000 -0.587148 1.409030
 86.500000 -0.514113 1.455152
 87.000000 -0.551437 1.420275
 87.500000 -0.571374 1.418524
 88.000000 -0.474986 1.507464
 88.500000 -0.622574 1.374535
 89.000000 -0.540686 1.459061
 89.500000 -0.543694 1.482548
 90.000000 -0.561902 1.475687
 90.500000 -0.601905 1.427164
 91.000000 -0.587359 1.413425
 91.500000 -0.506189 1.475254
 92.000000 -0.578138 1.383321
 92.500000 -0.527356 1.468952
 93.000000 -0.564810 1.430362
 93.500000 -0.631987 1.350307
 94.000000 -0.452961 1.525632
 94.500000 -0.615713 1.413875
 95.000000 -0.592329 1.441059
 95.500000 -0.555370 1.455329
 96.000000 -0.592648 1.403302
 96.500000 -0.523847 1.437458
 97.000000 -0.577621 1.387073
 97.500000 -0.552670 1.438391
 98.000000 -0.571035 1.457930
 98.500000 -0.616823 1.420938
 99.000000 -0.523036 1.554490
 99.500000 -0.635364 1.440745
 100.000000 -0.616444 1.462710
 100.500000 -0.535611 1.530475
 101.000000 -0.633499 1.451931
 101.500000 -0.574173 1.470807
 102.000000 -0.503825 1.492283
 102.500000 -0.623623 1.362839
 103.000000 -0.529423 1.439137
 103.500000 -0.509305 1.485049
 104.000000 -0.619496 1.358645
 104.500000 -0.488559 1.523663
 105.000000 -0.675548 1.371264
 105.500000 -0.560760 1.497074
 106.000000 -0.607005 1.485123
 106.500000 -0.691547 1.402937
 107.000000 -0.496296 1.608405
 107.500000 -0.672107 1.399402
 108.000000 -0.599899 1.419361
 108.500000 -0.458774 1.529965
 109.000000 -0.649742 1.297991
 109.500000 -0.462047 1.441505
 110.000000 -0.505749 1.431960
 110.500000 -0.617610 1.315510
 111.000000 -0.445849 1.460693
 111.500000 -0.537746 1.397211
 112.000000 -0.586470 1.330755
 112.500000 -0.431120 1.485635
 113.000000 -0.529957 1.377185
 113.500000 -0.543451 1.346776
 114.000000 -0.420221 1.481090
 114.500000 -0.573299 1.324450
 115.000000 -0.499188 1.391417
 115.500000 -0.465671 1.436088
 116.000000 -0.611521 1.321529
 116.500000 -0.433033 1.505110
 117.000000 -0.556228 1.366197
 117.500000 -0.595927 1.379363
 118.000000 -0.501434 1.456785
 118.500000 -0.590359 1.381287
 119.000000 -0.539794 1.438065
 119.500000 -0.557697 1.398325
 120.000000 -0.565384 1.388975
 120.500000 -0.522680 1.410595
 121.000000 -0.541643 1.422135
 121.500000 -0.559324 1.423142
 122.000000 -0.546926 1.468980
 122.500000 -0.611501 1.432911
 123.000000 -0.555590 1.491212
 123.500000 -0.597850 1.476547
 124.000000 -0.634721 1.449229
 124.500000 -0.591276 1.512596
 125.000000 -0.652975 1.452223
 125.500000 -0.590759 1.519259
 126.000000 -0.658962 1.468677
 126.500000 -0.624504 1.515733
 127.000000 -0.586129 1.543217
 127.500000 -0.684804 1.427646
 128.000000 -0.608454 1.497381
 128.500000 -0.578253 1.537521
 129.000000 -0.668332 1.444394
 129.500000 -0.578455 1.551871
 130.000000 -0.737135 1.442597
 130.500000 -0.627307 1.529380
 131.000000 -0.603907 1.538718
 131.500000 -0.646893 1.497352
 132.000000 -0.566425 1.559670
 132.500000 -0.738119 1.407984
 133.000000 -0.499197 1.630542
 133.500000 -0.669235 1.342432
 134.000000 -0.493525 1.422977
 134.500000 -0.505302 1.372176
 135.000000 -0.601886 1.280519
 135.500000 -0.389126 1.457821
 136.000000 -0.569003 1.280890
 136.500000 -0.440010 1.423698
 137.000000 -0.480121 1.409944
 137.500000 -0.634295 1.258062
 138.000000 -0.379640 1.526339
 138.500000 -0.625428 1.285404
 139.000000 -0.554712 1.366194
 139.500000 -0.435586 1.518076
 140.000000 -0.708643 1.275559
 140.500000 -0.453222 1.552838
 141.000000 -0.618754 1.421638
 141.500000 -0.666987 1.385242
 142.000000 -0.428844 1.613523
 142.500000 -0.741568 1.301067
 143.000000 -0.530934 1.475006
 143.500000 -0.485039 1.502475
 144.000000 -0.687564 1.252443
 144.500000 -0.371311 1.558481
 145.000000 -0.601715 1.306933
 145.500000 -0.559999 1.357975
 146.000000 -0.402332 1.494677
 146.500000 -0.635013 1.264009
 147.000000 -0.426154 1.466836
 147.500000 -0.501826 1.363918
 148.000000 -0.602621 1.270162
 148.500000 -0.378211 1.499558
 149.000000 -0.600244 1.282155
 149.500000 -0.464587 1.434638
 150.000000 -0.468630 1.390943
 150.500000 -0.584473 1.293230
 151.000000 -0.393551 1.489932
 151.500000 -0.603557 1.287671
 152.000000 -0.494642 1.419845
 152.500000 -0.470732 1.487483
 153.000000 -0.694344 1.289814
 153.500000 -0.415299 1.578060
 154.000000 -0.652261 1.361687
 154.500000 -0.650495 1.409501
 155.000000 -0.415273 1.622330
 155.500000 -0.789042 1.245339
 156.000000 -0.411433 1.605072
 156.500000 -0.652417 1.377121
 157.000000 -0.691436 1.368038
 157.500000 -0.462180 1.609607
 158.000000 -0.717064 1.312403
 158.500000 -0.497837 1.523383
 159.000000 -0.568616 1.431354
 159.500000 -0.697587 1.296884
 160.000000 -0.428485 1.565848
 160.500000 -0.647265 1.316308
 161.000000 -0.576655 1.374392
 161.500000 -0.439713 1.481978
 162.000000 -0.635039 1.302322
 162.500000 -0.488444 1.423438
 163.000000 -0.503814 1.436811
 163.500000 -0.694218 1.249729
 164.000000 -0.377068 1.566698
 164.500000 -0.655481 1.287916
 165.000000 -0.583663 1.348743
 165.500000 -0.402273 1.523917
 166.000000 -0.683113 1.230908
 166.500000 -0.400173 1.517256
 167.000000 -0.579158 1.323081
 167.500000 -0.596497 1.340165
 168.000000 -0.381775 1.571147
 168.500000 -0.698928 1.240029
 169.000000 -0.513900 1.437377
 169.500000 -0.436871 1.487284
 170.000000 -0.737373 1.200960
 170.500000 -0.328471 1.598918
 171.000000 -0.657564 1.243148
 171.500000 -0.526789 1.385670
 172.000000 -0.399281 1.528185
 172.500000 -0.772779 1.173684
 173.000000 -0.353730 1.605380
 173.500000 -0.626402 1.304329
 174.000000 -0.619779 1.362987
 174.500000 -0.418538 1.604091
 175.000000 -0.755132 1.296040
 175.500000 -0.538333 1.524046
 176.000000 -0.575846 1.527247
 176.500000 -0.729342 1.367021
 177.000000 -0.475429 1.601654
 177.500000 -0.649510 1.395285
 178.000000 -0.633878 1.400882
 178.500000 -0.492240 1.535564
 179.000000 -0.643944 1.339868
 179.500000 -0.482225 1.479972
 180.000000 -0.542608 1.377464
 180.500000 -0.550687 1.392075
 181.000000 -0.458868 1.469000
 181.500000 -0.646102 1.292172
 182.000000 -0.441200 1.529315
 182.500000 -0.584217 1.393590
 183.000000 -0.665921 1.337230
 183.500000 -0.420949 1.602502
 184.000000 -0.689103 1.314307
 184.500000 -0.589908 1.445505
 185.000000 -0.494569 1.552707
 185.500000 -0.750971 1.307926
 186.000000 -0.429687 1.639851
 186.500000 -0.698191 1.391756
 187.000000 -0.605941 1.447059
 187.500000 -0.443046 1.587331
 188.000000 -0.745946 1.263870
 188.500000 -0.459366 1.545010
 189.000000 -0.577603 1.414299
 189.500000 -0.742010 1.248520
 190.000000 -0.346587 1.667165
 190.500000 -0.809225 1.207123
 191.000000 -0.453200 1.559753
 191.500000 -0.585703 1.416369
 192.000000 -0.692555 1.353680
 192.500000 -0.397146 1.655810
 193.000000 -0.773100 1.241421
 193.500000 -0.513845 1.544817
 194.000000 -0.582950 1.446480
 194.500000 -0.736145 1.278593
 195.000000 -0.368924 1.577213
 195.500000 -0.732003 1.182390
 196.000000 -0.400170 1.528061
 196.500000 -0.567652 1.291820
 197.000000 -0.617799 1.229140
 197.500000 -0.323468 1.563040
 198.000000 -0.787895 1.123921
 198.500000 -0.384528 1.557420
 199.000000 -0.622555 1.354456
 199.500000 -0.658002 1.310026
 200.000000 -0.395551 1.591064
 200.500000 -0.799488 1.160678
 201.000000 -0.347220 1.629455
 201.500000 -0.761444 1.291033
 202.000000 -0.607553 1.434114
 202.500000 -0.493438 1.552975
 203.000000 -0.740831 1.253024
 203.500000 -0.372129 1.613694
 204.000000 -0.650706 1.317273
 204.500000 -0.551654 1.378277
 205.000000 -0.425811 1.521352
 205.500000 -0.654054 1.291266
 206.000000 -0.447591 1.524012
 206.500000 -0.542023 1.435625
 207.000000 -0.673890 1.316976
 207.500000 -0.423243 1.605363
 208.000000 -0.687210 1.333655
 208.500000 -0.535697 1.470710
 209.000000 -0.490218 1.507281
 209.500000 -0.763206 1.259027
 210.000000 -0.341582 1.669357
 210.500000 -0.737608 1.302309
 211.000000 -0.619333 1.400370
 211.500000 -0.461400 1.556966
 212.000000 -0.773626 1.239880
 212.500000 -0.374948 1.651650
 213.000000 -0.779737 1.259181
 213.500000 -0.513997 1.500209
 214.000000 -0.503191 1.488138
 214.500000 -0.745327 1.226936
 215.000000 -0.331697 1.645023
 215.500000 -0.719471 1.245532
 216.000000 -0.511655 1.424775
 216.500000 -0.461845 1.521954
 217.000000 -0.777292 1.206636
 217.500000 -0.385580 1.628198
 218.000000 -0.677057 1.322375
 218.500000 -0.588346 1.395306
 219.000000 -0.422071 1.568682
 219.500000 -0.747164 1.259738
 220.000000 -0.469123 1.541170
 220.500000 -0.551584 1.449157
 221.000000 -0.709153 1.261151
 221.500000 -0.364490 1.626398
 222.000000 -0.714039 1.281287
 222.500000 -0.569078 1.421536
 223.000000 -0.430283 1.555005
 223.500000 -0.770808 1.217658
 224.000000 -0.407092 1.600455
 224.500000 -0.615211 1.410665
 225.000000 -0.689700 1.321690
 225.500000 -0.422321 1.595524
 226.000000 -0.698021 1.313491
 226.500000 -0.509969 1.464659
 227.000000 -0.438041 1.522659
 227.500000 -0.721814 1.243689
 228.000000 -0.387181 1.579701
 228.500000 -0.584728 1.367189
 229.000000 -0.638552 1.329338
 229.500000 -0.406274 1.578291
 230.000000 -0.725991 1.255684
 230.500000 -0.511356 1.494733
 231.000000 -0.540526 1.492207
 231.500000 -0.779705 1.277440
 232.000000 -0.423542 1.653846
 232.500000 -0.740516 1.346238
 233.000000 -0.586846 1.503062
 233.500000 -0.501321 1.558702
 234.000000 -0.698545 1.339404
 234.500000 -0.498309 1.544073
 235.000000 -0.641331 1.407653
 235.500000 -0.655422 1.344780
 236.000000 -0.431727 1.577020
 236.500000 -0.711123 1.292299
 237.000000 -0.503125 1.501727
 237.500000 -0.496778 1.482346
 238.000000 -0.688133 1.284050
 238.500000 -0.422278 1.559675
 239.000000 -0.651522 1.354386
 239.500000 -0.604449 1.443825
 240.000000 -0.457254 1.577116
 240.500000 -0.728745 1.292397
 241.000000 -0.477738 1.508064
 241.500000 -0.492940 1.461903
 242.000000 -0.723157 1.224206
 242.500000 -0.347302 1.636987
 243.000000 -0.774513 1.207807
 243.500000 -0.508387 1.457854
 244.000000 -0.482606 1.505953
 244.500000 -0.823449 1.168666
 245.000000 -0.283529 1.701998
 245.500000 -0.860532 1.144098
 246.000000 -0.482990 1.529407
 246.500000 -0.615263 1.436445
 247.000000 -0.799263 1.246906
 247.500000 -0.346099 1.733879
 248.000000 -0.872355 1.182281
 248.500000 -0.447761 1.617561
 249.000000 -0.663985 1.386228
 249.500000 -0.761059 1.307741
 250.000000 -0.394379 1.658805
 250.500000 -0.852325 1.189707
 251.000000 -0.358664 1.682077
 251.500000 -0.702988 1.265109
 252.000000 -0.595621 1.392669
 252.500000 -0.449572 1.514189
 253.000000 -0.750857 1.244053
 253.500000 -0.381367 1.621292
 254.000000 -0.706524 1.288920
 254.500000 -0.560959 1.490729
 255.000000 -0.514661 1.494983
 255.500000 -0.733823 1.293168
 256.000000 -0.416170 1.627753
 256.500000 -0.723260 1.340463
 257.000000 -0.630862 1.461555
 257.500000 -0.506542 1.589067
 258.000000 -0.757517 1.334982
 258.500000 -0.446558 1.626358
 259.000000 -0.669952 1.374665
 259.500000 -0.667043 1.377328
 260.000000 -0.398808 1.601018
 260.500000 -0.722151 1.257778
 261.000000 -0.458449 1.526013
 261.500000 -0.548331 1.404261
 262.000000 -0.618516 1.321478
 262.500000 -0.417542 1.531349
 263.000000 -0.611858 1.315258
 263.500000 -0.535100 1.400639
 264.000000 -0.435123 1.502327
 264.500000 -0.697193 1.249289
 265.000000 -0.429034 1.568585
 265.500000 -0.634305 1.387568
 266.000000 -0.680013 1.387901
 266.500000 -0.459177 1.614200
 267.000000 -0.716912 1.389998
 267.500000 -0.597416 1.468429
 268.000000 -0.493686 1.562033
 268.500000 -0.713586 1.314579
 269.000000 -0.467802 1.513726
 269.500000 -0.528118 1.446059
 270.000000 -0.647698 1.313335
 270.500000 -0.456632 1.531799
 271.000000 -0.626103 1.385344
 271.500000 -0.572825 1.447313
 272.000000 -0.548700 1.490291
 272.500000 -0.570826 1.459838
 273.000000 -0.547318 1.460627
 273.500000 -0.550830 1.411811
 274.000000 -0.489088 1.421822
 274.500000 -0.518341 1.392278
 275.000000 -0.473721 1.431341
 275.500000 -0.563137 1.326274
 276.000000 -0.522513 1.403493
 276.500000 -0.471866 1.462467
 277.000000 -0.620902 1.354287
 277.500000 -0.490790 1.517193
 278.000000 -0.648764 1.353077
 278.500000 -0.582890 1.448307
 279.000000 -0.507050 1.545366
 279.500000 -0.674906 1.387125
 280.000000 -0.486297 1.539306
 280.500000 -0.565264 1.427116
 281.000000 -0.625441 1.323915
 281.500000 -0.447682 1.522726
 282.000000 -0.668385 1.310687
 282.500000 -0.503996 1.473849
 283.000000 -0.511918 1.476123
 283.500000 -0.659812 1.331331
 284.000000 -0.484910 1.535333
 284.500000 -0.611787 1.414827
 285.000000 -0.588189 1.424002
 285.500000 -0.511692 1.564681
 286.000000 -0.650063 1.449444
 286.500000 -0.592355 1.532787
 287.000000 -0.588165 1.533520
 287.500000 -0.746972 1.397219
 288.000000 -0.526955 1.610824
 288.500000 -0.688349 1.481634
 289.000000 -0.652610 1.489517
 289.500000 -0.516337 1.579121
 290.000000 -0.760745 1.347820
 290.500000 -0.497328 1.606715
 291.000000 -0.698447 1.349197
 291.500000 -0.651508 1.419339
 292.000000 -0.442362 1.625628
 292.500000 -0.826448 1.217335
 293.000000 -0.398291 1.614989
 293.500000 -0.729771 1.286810
 294.000000 -0.679862 1.361586
 294.500000 -0.434654 1.607665
 295.000000 -0.908822 1.159722
 295.500000 -0.319215 1.751840
 296.000000 -0.837659 1.189515
 296.500000 -0.575988 1.482008
 297.000000 -0.491262 1.571225
 297.500000 -0.876269 1.190530
 298.000000 -0.327498 1.722280
 298.500000 -0.781557 1.244717
 299.000000 -0.547431 1.489935
 299.500000 -0.534418 1.478211
 300.000000 -0.802349 1.212817
 300.500000 -0.307589 1.702618
 301.000000 -0.829446 1.179256
 301.500000 -0.494173 1.507024
 302.000000 -0.569828 1.447272
 302.500000 -0.732852 1.238512
 303.000000 -0.340991 1.659604
 303.500000 -0.752402 1.217689
 304.000000 -0.487956 1.448675
 304.500000 -0.499855 1.455775
 305.000000 -0.736481 1.205584
 305.500000 -0.303677 1.626813
 306.000000 -0.701783 1.237294
 306.500000 -0.534356 1.422038
 307.000000 -0.467344 1.482970
 307.500000 -0.718872 1.204839
 308.000000 -0.362201 1.574631
 308.500000 -0.655787 1.286884
 309.000000 -0.551315 1.420783
 309.500000 -0.493099 1.510945
 310.000000 -0.674029 1.338319
 310.500000 -0.483997 1.542726
 311.000000 -0.601448 1.411317
 311.500000 -0.581778 1.399857
 312.000000 -0.465761 1.515297
 312.500000 -0.611177 1.372365
 313.000000 -0.549293 1.449726
 313.500000 -0.494017 1.511714
 314.000000 -0.695262 1.316232
 314.500000 -0.456269 1.580364
 315.000000 -0.689593 1.393947
 315.500000 -0.643042 1.481562
 316.000000 -0.557973 1.562332
 316.500000 -0.710367 1.397939
 317.000000 -0.558249 1.546427
 317.500000 -0.655500 1.438379
 318.000000 -0.622599 1.468611
 318.500000 -0.552993 1.531350
 319.000000 -0.648698 1.414238
 319.500000 -0.529514 1.513689
 320.000000 -0.563004 1.446378
 320.500000 -0.561073 1.402354
 321.000000 -0.514993 1.457319
 321.500000 -0.572738 1.387376
 322.000000 -0.474440 1.463916
 322.500000 -0.585418 1.370101
 323.000000 -0.560034 1.440858
 323.500000 -0.548053 1.493377
 324.000000 -0.631633 1.439389
 324.500000 -0.541661 1.532692
 325.000000 -0.607839 1.449798
 325.500000 -0.585124 1.459010
 326.000000 -0.548901 1.471975
 326.500000 -0.580509 1.405314
 327.000000 -0.523147 1.456294
 327.500000 -0.562399 1.408562
 328.000000 -0.573330 1.383363
 328.500000 -0.484319 1.480859
 329.000000 -0.598917 1.377356
 329.500000 -0.572780 1.450789
 330.000000 -0.577036 1.461624
 330.500000 -0.604789 1.453178
 331.000000 -0.565959 1.486403
 331.500000 -0.553278 1.480597
 332.000000 -0.529901 1.444656
 332.500000 -0.607148 1.356426
 333.000000 -0.446350 1.523540
 333.500000 -0.667206 1.326397
 334.000000 -0.530235 1.495718
 334.500000 -0.526678 1.531259
 335.000000 -0.707401 1.377265
 335.500000 -0.538376 1.552408
 336.000000 -0.561568 1.516354
 336.500000 -0.666089 1.377148
 337.000000 -0.532644 1.484895
 337.500000 -0.560892 1.439804
 338.000000 -0.568165 1.379800
 338.500000 -0.466395 1.449349
 339.000000 -0.587049 1.342293
 339.500000 -0.496588 1.470963
 340.000000 -0.528981 1.473540
 340.500000 -0.654804 1.345500
 341.000000 -0.481841 1.545444
 341.500000 -0.639260 1.410655
 342.000000 -0.604023 1.447004
 342.500000 -0.503431 1.543505
 343.000000 -0.685991 1.348392
 343.500000 -0.518373 1.519871
 344.000000 -0.537038 1.473168
 344.500000 -0.604317 1.366543
 345.000000 -0.464520 1.478709
 345.500000 -0.539172 1.388198
 346.000000 -0.600187 1.383668
 346.500000 -0.472961 1.515748
 347.000000 -0.650220 1.342111
 347.500000 -0.530457 1.483588
 348.000000 -0.509699 1.516302
 348.500000 -0.649391 1.376147
 349.000000 -0.489497 1.534483
 349.500000 -0.607197 1.425815
 350.000000 -0.610607 1.360660
 350.500000 -0.450641 1.507231
 351.000000 -0.606520 1.344230
 351.500000 -0.538811 1.407775
 352.000000 -0.475846 1.489973
 352.500000 -0.642981 1.352266
 353.000000 -0.477676 1.543903
 353.500000 -0.600716 1.414675
 354.000000 -0.566007 1.447044
 354.500000 -0.531266 1.483278
 355.000000 -0.605896 1.392895
 355.500000 -0.491309 1.488269
 356.000000 -0.629638 1.384080
 356.500000 -0.553598 1.424191
 357.000000 -0.501092 1.473397
 357.500000 -0.635679 1.358796
 358.000000 -0.534362 1.486544
 358.500000 -0.525453 1.508601
 359.000000 -0.628769 1.413023
 359.500000 -0.568624 1.465788
 360.000000 -0.547501 1.463787
 360.500000 -0.556782 1.424295
 361.000000 -0.511686 1.461270
 361.500000 -0.593448 1.389175
 362.000000 -0.529283 1.490917
 362.500000 -0.539612 1.489893
 363.000000 -0.658926 1.375210
 363.500000 -0.553640 1.452002
 364.000000 -0.501822 1.455850
 364.500000 -0.603907 1.341357
 365.000000 -0.465191 1.469075
 365.500000 -0.532257 1.428474
 366.000000 -0.578857 1.427820
 366.500000 -0.547509 1.533946
 367.000000 -0.633390 1.450721
 367.500000 -0.623813 1.462038
 368.000000 -0.577537 1.510944
 368.500000 -0.668245 1.432897
 369.000000 -0.583145 1.515042
 369.500000 -0.665693 1.449064
 370.000000 -0.623494 1.528171
 370.500000 -0.677224 1.491218
 371.000000 -0.638232 1.521263
 371.500000 -0.566849 1.572125
 372.000000 -0.715783 1.411693
 372.500000 -0.568756 1.562638
 373.000000 -0.670585 1.456248
 373.500000 -0.645759 1.494126
 374.000000 -0.585797 1.510912
 374.500000 -0.722354 1.277834
 375.000000 -0.315683 1.507871
 375.500000 -0.629778 1.185036
 376.000000 -0.420506 1.435689
 376.500000 -0.558351 1.439197
 377.000000 -0.753924 1.393843
 377.500000 -0.485783 1.682084
 378.000000 -0.808422 1.327660
 378.500000 -0.529910 1.581272
 379.000000 -0.575192 1.476752
 379.500000 -0.718640 1.356866
 380.000000 -0.491453 1.578281
 380.500000 -0.683077 1.395098
 381.000000 -0.581318 1.466180
 381.500000 -0.523997 1.510254
 382.000000 -0.624753 1.404733
 382.500000 -0.556714 1.444935
 383.000000 -0.527796 1.437752
 383.500000 -0.575848 1.363190
 384.000000 -0.516613 1.391188
 384.500000 -0.549923 1.378307
 385.000000 -0.512384 1.443524
 385.500000 -0.557602 1.435271
 386.000000 -0.558157 1.426386
 386.500000 -0.537941 1.473730
 387.000000 -0.575309 1.447830
 387.500000 -0.589243 1.448950
 388.000000 -0.547677 1.473809
 388.500000 -0.615944 1.407290
 389.000000 -0.519137 1.492025
 389.500000 -0.551846 1.438792
 390.000000 -0.574516 1.411829
 390.500000 -0.534849 1.455084
 391.000000 -0.528074 1.422143
 391.500000 -0.559318 1.385816
 392.000000 -0.505587 1.442741
 392.500000 -0.591669 1.384220
 393.000000 -0.509521 1.494311
 393.500000 -0.566721 1.467354
 394.000000 -0.606326 1.439132
 394.500000 -0.566136 1.499735
 395.000000 -0.545065 1.486573
 395.500000 -0.601241 1.417590
 396.000000 -0.554794 1.457135
 396.500000 -0.585100 1.443651
 397.000000 -0.569852 1.448431
 397.500000 -0.552683 1.445939
 398.000000 -0.530229 1.450018
 398.500000 -0.575911 1.447997
 399.000000 -0.585503 1.443111
 399.500000 -0.519387 1.502299
 400.000000 -0.623608 1.380492
 400.500000 -0.499536 1.472491
 401.000000 -0.556192 1.396404
 401.500000 -0.546137 1.385771
 402.000000 -0.444757 1.445138
 402.500000 -0.592041 1.303305
 403.000000 -0.465644 1.442047
 403.500000 -0.525330 1.400402
 404.000000 -0.624975 1.353351
 404.500000 -0.444408 1.560284
 405.000000 -0.634635 1.409867
 405.500000 -0.632018 1.462915
 406.000000 -0.535993 1.559927
 406.500000 -0.681942 1.420464
 407.000000 -0.552655 1.558448
 407.500000 -0.660917 1.465723
 408.000000 -0.655618 1.479103
 408.500000 -0.632312 1.528801
 409.000000 -0.648510 1.509672
 409.500000 -0.610098 1.543330
 410.000000 -0.695213 1.454854
 410.500000 -0.597036 1.553433
 411.000000 -0.616745 1.515345
 411.500000 -0.673218 1.465812
 412.000000 -0.556953 1.551541
 412.500000 -0.675047 1.440881
 413.000000 -0.559195 1.519523
 413.500000 -0.560025 1.456446
 414.000000 -0.576865 1.384768
 414.500000 -0.460939 1.461613
 415.000000 -0.563446 1.330361
 415.500000 -0.481764 1.422900
 416.000000 -0.520047 1.435941
 416.500000 -0.593302 1.404297
 417.000000 -0.515225 1.469621
 417.500000 -0.564639 1.436051
 418.000000 -0.601414 1.437912
 418.500000 -0.477848 1.527573
 419.000000 -0.627519 1.373575
 419.500000 -0.546145 1.455241
 420.000000 -0.468689 1.488597
 420.500000 -0.599423 1.354871
 421.000000 -0.475240 1.482026
 421.500000 -0.555928 1.447112
 422.000000 -0.619103 1.409082
 422.500000 -0.522529 1.516448
 423.000000 -0.641664 1.437784
 423.500000 -0.634785 1.466798
 424.000000 -0.589149 1.513011
 424.500000 -0.662373 1.453279
 425.000000 -0.625605 1.495298
 425.500000 -0.620683 1.500467
 426.000000 -0.665188 1.439422
 426.500000 -0.532579 1.560004
 427.000000 -0.715162 1.414584
 427.500000 -0.576901 1.557667
 428.000000 -0.618953 1.510604
 428.500000 -0.714867 1.412474
 429.000000 -0.565059 1.576365
 429.500000 -0.696451 1.442402
 430.000000 -0.637256 1.494981
 430.500000 -0.598127 1.539503
 431.000000 -0.694650 1.423627
 431.500000 -0.551699 1.558475
 432.000000 -0.709090 1.399417
 432.500000 -0.538464 1.559545
 433.000000 -0.679319 1.412974
 433.500000 -0.582542 1.471319
 434.000000 -0.488524 1.535719
 434.500000 -0.666306 1.328020
 435.000000 -0.487202 1.481298
 435.500000 -0.608200 1.402747
 436.000000 -0.601130 1.378461
 436.500000 -0.469807 1.546831
 437.000000 -0.738996 1.303052
 437.500000 -0.472052 1.581054
 438.000000 -0.710341 1.376785
 438.500000 -0.651869 1.458864
 439.000000 -0.536037 1.607148
 439.500000 -0.798632 1.363159
 440.000000 -0.492016 1.667824
 440.500000 -0.756447 1.367450
 441.000000 -0.559086 1.549123
 441.500000 -0.570115 1.474399
 442.000000 -0.729317 1.324500
 442.500000 -0.429755 1.598464
 443.000000 -0.701645 1.251481
 443.500000 -0.406020 1.471287
 444.000000 -0.512579 1.325052
 444.500000 -0.531596 1.284381
 445.000000 -0.383650 1.446264
 445.500000 -0.636790 1.244552
 446.000000 -0.481170 1.514677
 446.500000 -0.654883 1.456029
 447.000000 -0.743785 1.422282
 447.500000 -0.520391 1.658996
 448.000000 -0.807262 1.315068
 448.500000 -0.450460 1.574842
 449.000000 -0.615929 1.310108
 449.500000 -0.593627 1.384841
 450.000000 -0.384234 1.573016
 450.500000 -0.751750 1.183409
 451.000000 -0.356440 1.598647
 451.500000 -0.662003 1.299424
 452.000000 -0.621083 1.357096
 452.500000 -0.395901 1.584538
 453.000000 -0.805959 1.204315
 453.500000 -0.378102 1.631609
 454.000000 -0.664693 1.350982
 454.500000 -0.686335 1.368330
 455.000000 -0.418537 1.615462
 455.500000 -0.816973 1.224714
 456.000000 -0.382235 1.656242
 456.500000 -0.804879 1.217147
 457.000000 -0.626855 1.448520
 457.500000 -0.481074 1.533089
 458.000000 -0.837782 1.196291
 458.500000 -0.296597 1.698521
 459.000000 -0.851186 1.157045
 459.500000 -0.487381 1.539291
 460.000000 -0.567138 1.462029
 460.500000 -0.817975 1.242460
 461.000000 -0.359179 1.684281
 461.500000 -0.827347 1.233790
 462.000000 -0.497744 1.530694
 462.500000 -0.537867 1.493638
 463.000000 -0.700905 1.321169
 463.500000 -0.420598 1.584317
 464.000000 -0.628824 1.328431
 464.500000 -0.549334 1.400154
 465.000000 -0.435915 1.498400
 465.500000 -0.641689 1.278443
 466.000000 -0.467799 1.476621
 466.500000 -0.525184 1.409296
 467.000000 -0.621152 1.326817
 467.500000 -0.374339 1.561805
 468.000000 -0.640015 1.292382
 468.500000 -0.523947 1.422945
 469.000000 -0.458342 1.480812
 469.500000 -0.637687 1.286002
 470.000000 -0.443732 1.520899
 470.500000 -0.558932 1.430485
 471.000000 -0.612200 1.416322
 471.500000 -0.512939 1.519636
 472.000000 -0.643268 1.405222
 472.500000 -0.537866 1.501240
 473.000000 -0.560090 1.466843
 473.500000 -0.621269 1.370322
 474.000000 -0.460163 1.497190
 474.500000 -0.538628 1.389543
 475.000000 -0.562422 1.371661
 475.500000 -0.487122 1.467524
 476.000000 -0.594294 1.378572
 476.500000 -0.500252 1.521854
 477.000000 -0.593291 1.409910
 477.500000 -0.573169 1.392843
 478.000000 -0.476281 1.518378
 478.500000 -0.547703 1.440795
 479.000000 -0.692183 1.349512
 479.500000 -0.477499 1.565301
 480.000000 -0.633767 1.404293
 480.500000 -0.610267 1.408256
 481.000000 -0.445043 1.560524
 481.500000 -0.742819 1.261599
 482.000000 -0.454876 1.544494
 482.500000 -0.598294 1.434418
 483.000000 -0.689393 1.297524
 483.500000 -0.396668 1.566166
 484.000000 -0.646888 1.290956
 484.500000 -0.496108 1.436858
 485.000000 -0.473037 1.441464
 485.500000 -0.585636 1.328866
 486.000000 -0.444018 1.487687
 486.500000 -0.592004 1.333951
 487.000000 -0.526132 1.421031
 487.500000 -0.519335 1.459651
 488.000000 -0.593682 1.393248
 488.500000 -0.506394 1.499779
 489.000000 -0.604810 1.399877
 489.500000 -0.555679 1.503487
 490.000000 -0.650871 1.448875
 490.500000 -0.570983 1.534590
 491.000000 -0.610250 1.476588
 491.500000 -0.596829 1.454567
 492.000000 -0.516265 1.480680
 492.500000 -0.577353 1.401949
 493.000000 -0.509394 1.439974
 493.500000 -0.513631 1.437524
 494.000000 -0.555255 1.380236
 494.500000 -0.475195 1.474923
 495.000000 -0.584797 1.387526
 495.500000 -0.614016 1.391758
 496.000000 -0.448743 1.576613
 496.500000 -0.695145 1.311575
 497.000000 -0.550448 1.460553
 497.500000 -0.468034 1.562623
 498.000000 -0.762964 1.257144
 498.500000 -0.426003 1.589754
 499.000000 -0.599129 1.394471
 499.500000 -0.639070 1.345434
 500.000000 -0.397292 1.579945
 500.500000 -0.690189 1.260449
 501.000000 -0.465845 1.489807
 501.500000 -0.509713 1.443441
 502.000000 -0.667892 1.291645
 502.500000 -0.409104 1.552090
 503.000000 -0.632424 1.358727
 503.500000 -0.603455 1.398796
 504.000000 -0.478911 1.561838
 504.500000 -0.716583 1.344635
 505.000000 -0.538981 1.536171
 505.500000 -0.553079 1.511830
 506.000000 -0.707879 1.334214
 506.500000 -0.421224 1.588508
 507.000000 -0.711764 1.269939
 507.500000 -0.541380 1.428265
 508.000000 -0.497346 1.453190
 508.500000 -0.699040 1.244235
 509.000000 -0.334255 1.585779
 509.500000 -0.642318 1.309850
 510.000000 -0.593737 1.387049
 510.500000 -0.472732 1.498774
 511.000000 -0.648337 1.320688
 511.500000 -0.510549 1.501572
 512.000000 -0.583567 1.444274
 512.500000 -0.675389 1.386086
 513.000000 -0.474623 1.602822
 513.500000 -0.703966 1.373492
 514.000000 -0.593493 1.508337
 514.500000 -0.562127 1.559394
 515.000000 -0.718735 1.401833
 515.500000 -0.535735 1.608747
 516.000000 -0.690248 1.458258
 516.500000 -0.663593 1.483664
 517.000000 -0.527031 1.608948
 517.500000 -0.796319 1.328800
 518.000000 -0.507503 1.608625
 518.500000 -0.657230 1.451709
 519.000000 -0.688646 1.418769
 519.500000 -0.499844 1.608361
 520.000000 -0.758803 1.344591
 520.500000 -0.580560 1.532850
 521.000000 -0.618212 1.512863
 521.500000 -0.737278 1.373178
 522.000000 -0.442837 1.643989
 522.500000 -0.803803 1.284427
 523.000000 -0.572529 1.522868
 523.500000 -0.571978 1.547331
 524.000000 -0.775886 1.325945
 524.500000 -0.432697 1.681082
 525.000000 -0.788612 1.341814
 525.500000 -0.532148 1.550265
 526.000000 -0.590993 1.487604
 526.500000 -0.690338 1.337200
 527.000000 -0.424648 1.554079
 527.500000 -0.596348 1.343652
 528.000000 -0.499804 1.401318
 528.500000 -0.491588 1.417483
 529.000000 -0.605237 1.312443
 529.500000 -0.432780 1.468070
 530.000000 -0.491356 1.403070
 530.500000 -0.587405 1.297127
 531.000000 -0.401930 1.467448
 531.500000 -0.574233 1.275762
 532.000000 -0.471421 1.390628
 532.500000 -0.444916 1.388183
 533.000000 -0.618620 1.289356
 533.500000 -0.437199 1.610509
 534.000000 -0.816915 1.399495
 534.500000 -0.596798 1.588469
 535.000000 -0.548481 1.422894
 535.500000 -0.558534 1.303870
 536.000000 -0.353607 1.442369
 536.500000 -0.571653 1.245221
 537.000000 -0.485723 1.483804
 537.500000 -0.597835 1.429696
 538.000000 -0.627152 1.426375
 538.500000 -0.574395 1.548480
 539.000000 -0.709698 1.400522
 539.500000 -0.514252 1.605625
 540.000000 -0.692524 1.421502
 540.500000 -0.591014 1.467362
 541.000000 -0.513439 1.534809
 541.500000 -0.756799 1.283700
 542.000000 -0.477660 1.606316
 542.500000 -0.724279 1.411956
 543.000000 -0.655073 1.504584
 543.500000 -0.576089 1.585649
 544.000000 -0.849725 1.285614
 544.500000 -0.345453 1.596228
 545.000000 -0.724252 1.076591
 545.500000 -0.296027 1.596992
 546.000000 -0.783074 1.289006
 546.500000 -0.558764 1.558300
 547.000000 -0.654556 1.497982
 547.500000 -0.787336 1.358287
 548.000000 -0.412132 1.741529
 548.500000 -0.907007 1.199880
 549.000000 -0.356259 1.640316
 549.500000 -0.635110 1.192923
 550.000000 -0.442858 1.361475
 550.500000 -0.479804 1.446953
 551.000000 -0.735965 1.354544
 551.500000 -0.469665 1.714206
 552.000000 -0.860610 1.318275
 552.500000 -0.464040 1.558059
 553.000000 -0.554730 1.354763
 553.500000 -0.621077 1.293234
 554.000000 -0.348071 1.561352
 554.500000 -0.695391 1.200971
 555.000000 -0.374784 1.534989
 555.500000 -0.584408 1.308541
 556.000000 -0.619053 1.265638
 556.500000 -0.359381 1.516294
 557.000000 -0.634220 1.246917
 557.500000 -0.440183 1.433428
 558.000000 -0.486628 1.397946
 558.500000 -0.575714 1.281631
 559.000000 -0.408374 1.455012
 559.500000 -0.545086 1.342362
 560.000000 -0.499307 1.403851
 560.500000 -0.520156 1.430254
 561.000000 -0.562915 1.428312
 561.500000 -0.543439 1.480677
 562.000000 -0.625686 1.415479
 562.500000 -0.521834 1.510067
 563.000000 -0.566527 1.432123
 563.500000 -0.533924 1.418453
 564.000000 -0.514901 1.424163
 564.500000 -0.546579 1.386741
 565.000000 -0.510256 1.429753
 565.500000 -0.552316 1.381025
 566.000000 -0.557845 1.403259
 566.500000 -0.544415 1.452743
 567.000000 -0.623152 1.407267
 567.500000 -0.559422 1.509972
 568.000000 -0.577767 1.475299
 568.500000 -0.535528 1.482497
 569.000000 -0.537639 1.449657
 569.500000 -0.577664 1.386801
 570.000000 -0.534281 1.425838
 570.500000 -0.517651 1.449998
 571.000000 -0.624893 1.367507
 571.500000 -0.531237 1.489180
 572.000000 -0.562283 1.462580
 572.500000 -0.613765 1.426624
 573.000000 -0.485862 1.531623
 573.500000 -0.613776 1.377225
 574.000000 -0.524096 1.491368
 574.500000 -0.564264 1.446757
 575.000000 -0.615390 1.396553
 575.500000 -0.491002 1.524456
 576.000000 -0.626492 1.374189
 576.500000 -0.530619 1.415090
 577.000000 -0.466576 1.482825
 577.500000 -0.634831 1.332432
 578.000000 -0.455521 1.545038
 578.500000 -0.631310 1.408142
 579.000000 -0.657776 1.415784
 579.500000 -0.498874 1.555603
 580.000000 -0.674948 1.368629
 580.500000 -0.570893 1.456199
 581.000000 -0.482663 1.517146
 581.500000 -0.656650 1.301114
 582.000000 -0.436465 1.512587
 582.500000 -0.561588 1.396168
 583.000000 -0.633791 1.327818
 583.500000 -0.437727 1.549039
 584.000000 -0.634155 1.337153
 584.500000 -0.536942 1.438776
 585.000000 -0.453689 1.521932
 585.500000 -0.664497 1.335139
 586.000000 -0.505364 1.517000
 586.500000 -0.574289 1.491767
 587.000000 -0.644480 1.418203
 587.500000 -0.520561 1.516435
 588.000000 -0.640213 1.371480
 588.500000 -0.528804 1.472919
 589.000000 -0.519133 1.426087
 589.500000 -0.585466 1.347659
 590.000000 -0.488140 1.480371
 590.500000 -0.605880 1.361265
 591.000000 -0.506127 1.482836
 591.500000 -0.575581 1.444330
 592.000000 -0.680908 1.371739
 592.500000 -0.478297 1.585034
 593.000000 -0.741577 1.322712
 593.500000 -0.497234 1.572604
 594.000000 -0.629906 1.444108
 594.500000 -0.634468 1.423176
 595.000000 -0.455043 1.567470
 595.500000 -0.669051 1.331178
 596.000000 -0.525704 1.469813
 596.500000 -0.524158 1.448745
 597.000000 -0.616804 1.356103
 597.500000 -0.450513 1.531945
 598.000000 -0.658692 1.359310
 598.500000 -0.531694 1.494980
 599.000000 -0.566895 1.445853
 599.500000 -0.640053 1.373492
 600.000000 -0.478137 1.526191
 600.500000 -0.609020 1.372228
 601.000000 -0.534637 1.424780
 601.500000 -0.459842 1.461651
 602.000000 -0.600936 1.298650
 602.500000 -0.440333 1.433057
 603.000000 -0.500629 1.356904
 603.500000 -0.545812 1.328554
 604.000000 -0.418786 1.485613
 604.500000 -0.661744 1.300611
 605.000000 -0.500310 1.509521
 605.500000 -0.604000 1.458796
 606.000000 -0.647348 1.432323
 606.500000 -0.509647 1.587892
 607.000000 -0.753070 1.350847
 607.500000 -0.529792 1.626153
 608.000000 -0.693269 1.452228
 608.500000 -0.654494 1.469392
 609.000000 -0.533115 1.587655
 609.500000 -0.741824 1.363599
 610.000000 -0.518938 1.579376
 610.500000 -0.656719 1.396494
 611.000000 -0.572676 1.457847
 611.500000 -0.545233 1.452513
 612.000000 -0.588068 1.371812
 612.500000 -0.445968 1.494632
 613.000000 -0.620049 1.288895
 613.500000 -0.490551 1.432475
 614.000000 -0.491266 1.438273
 614.500000 -0.638809 1.319352
 615.000000 -0.441301 1.531513
 615.500000 -0.580864 1.370964
 616.000000 -0.610261 1.363011
 616.500000 -0.415115 1.575416
 617.000000 -0.729183 1.292714
 617.500000 -0.525310 1.530240
 618.000000 -0.537219 1.473513
 618.500000 -0.720812 1.288877
 619.000000 -0.376014 1.604339
 619.500000 -0.698945 1.270784
 620.000000 -0.536927 1.431049
 620.500000 -0.462618 1.480112
 621.000000 -0.641760 1.325459
 621.500000 -0.438376 1.535169
 622.000000 -0.628081 1.369550
 622.500000 -0.579822 1.470197
 623.000000 -0.499414 1.552766
 623.500000 -0.767033 1.301975
 624.000000 -0.451598 1.615036
 624.500000 -0.700902 1.379640
 625.000000 -0.648450 1.424649
 625.500000 -0.476485 1.570108
 626.000000 -0.702114 1.344039
 626.500000 -0.500293 1.553213
 627.000000 -0.637964 1.467329
 627.500000 -0.642260 1.465352
 628.000000 -0.537703 1.552353
 628.500000 -0.674004 1.417231
 629.000000 -0.566112 1.511537
 629.500000 -0.568596 1.521274
 630.000000 -0.674740 1.392998
 630.500000 -0.515021 1.533732
 631.000000 -0.631192 1.394446
 631.500000 -0.534570 1.450973
 632.000000 -0.541396 1.446113
 632.500000 -0.624188 1.360228
 633.000000 -0.487624 1.473212
 633.500000 -0.564578 1.387691
 634.000000 -0.535968 1.412847
 634.500000 -0.498766 1.434864
 635.000000 -0.563812 1.387607
 635.500000 -0.528464 1.469164
 636.000000 -0.595658 1.437893
 636.500000 -0.575092 1.484718
 637.000000 -0.546851 1.505921
 637.500000 -0.615014 1.407895
 638.000000 -0.544378 1.431804
 638.500000 -0.500700 1.457580
 639.000000 -0.562035 1.414377
 639.500000 -0.596736 1.398195
 640.000000 -0.527669 1.485869
 640.500000 -0.550070 1.464541
 641.000000 -0.574632 1.445460
 641.500000 -0.588645 1.447128
 642.000000 -0.546260 1.474632
 642.500000 -0.577706 1.420793
 643.000000 -0.512526 1.442616
 643.500000 -0.533998 1.440503
 644.000000 -0.607301 1.407978
 644.500000 -0.556547 1.508266
 645.000000 -0.657545 1.432033
 645.500000 -0.577162 1.515595
 646.000000 -0.623919 1.469956
 646.500000 -0.627977 1.420273
 647.000000 -0.569192 1.471742
 647.500000 -0.560048 1.455479
 648.000000 -0.569270 1.404337
 648.500000 -0.516523 1.433078
 649.000000 -0.529525 1.407204
 649.500000 -0.492884 1.417875
 650.000000 -0.528259 1.343130
 650.500000 -0.497754 1.372396
 651.000000 -0.434696 1.411507
 651.500000 -0.559435 1.280021
 652.000000 -0.409764 1.442254
 652.500000 -0.501934 1.345192
 653.000000 -0.593419 1.255996
 653.500000 -0.390685 1.469356
 654.000000 -0.595308 1.308393
 654.500000 -0.505335 1.437232
 655.000000 -0.541078 1.475852
 655.500000 -0.670709 1.357125
 656.000000 -0.492800 1.613906
 656.500000 -0.774079 1.366135
 657.000000 -0.555693 1.598439
 657.500000 -0.631901 1.519510
 658.000000 -0.726457 1.444254
 658.500000 -0.500708 1.603772
 659.000000 -0.695077 1.322669
 659.500000 -0.495213 1.528272
 660.000000 -0.609805 1.380888
 660.500000 -0.591089 1.412282
 661.000000 -0.493976 1.504879
 661.500000 -0.661644 1.354349
 662.000000 -0.496358 1.532631
 662.500000 -0.592307 1.431468
 663.000000 -0.571775 1.472956
 663.500000 -0.574390 1.472940
 664.000000 -0.636721 1.401663
 664.500000 -0.511643 1.520264
 665.000000 -0.605617 1.403131
 665.500000 -0.539584 1.455473
 666.000000 -0.525156 1.453666
 666.500000 -0.601715 1.359502
 667.000000 -0.462969 1.446382
 667.500000 -0.536382 1.382514
 668.000000 -0.520928 1.387570
 668.500000 -0.429918 1.472839
 669.000000 -0.628680 1.257491
 669.500000 -0.452682 1.433557
 670.000000 -0.464187 1.411863
 670.500000 -0.602959 1.298191
 671.000000 -0.417063 1.515845
 671.500000 -0.649362 1.342532
 672.000000 -0.582550 1.423700
 672.500000 -0.468426 1.547301
 673.000000 -0.794513 1.230523
 673.500000 -0.385897 1.620536
 674.000000 -0.648323 1.385544
 674.500000 -0.707557 1.386568
 675.000000 -0.417009 1.649516
 675.500000 -0.843889 1.233723
 676.000000 -0.455996 1.635275
 676.500000 -0.662883 1.409939
 677.000000 -0.712015 1.354405
 677.500000 -0.427872 1.624036
 678.000000 -0.849195 1.208209
 678.500000 -0.432237 1.586865
 679.000000 -0.651769 1.391225
 679.500000 -0.738973 1.296552
 680.000000 -0.369903 1.675391
 680.500000 -0.777292 1.258178
 681.000000 -0.546158 1.473752
 681.500000 -0.518085 1.517442
 682.000000 -0.752578 1.270814
 682.500000 -0.391833 1.605752
 683.000000 -0.639652 1.337587
 683.500000 -0.619095 1.331319
 684.000000 -0.404156 1.536974
 684.500000 -0.730058 1.200995
 685.000000 -0.382613 1.538947
 685.500000 -0.584415 1.336248
 686.000000 -0.598987 1.317320
 686.500000 -0.384460 1.540223
 687.000000 -0.728507 1.200738
 687.500000 -0.376878 1.525692
 688.000000 -0.574532 1.302046
 688.500000 -0.583540 1.289756
 689.000000 -0.344081 1.517395
 689.500000 -0.680720 1.180312
 690.000000 -0.388748 1.474540
 690.500000 -0.606072 1.346507
 691.000000 -0.702736 1.335657
 691.500000 -0.519360 1.641295
 692.000000 -0.899249 1.225450
 692.500000 -0.274748 1.700057
 693.000000 -0.748878 1.153852
 693.500000 -0.417580 1.475105
 694.000000 -0.520532 1.345501
 694.500000 -0.678153 1.193549
 695.000000 -0.321964 1.628087
 695.500000 -0.757593 1.180339
 696.000000 -0.428343 1.520735
 696.500000 -0.527803 1.400211
 697.000000 -0.707663 1.223413
 697.500000 -0.301586 1.646795
 698.000000 -0.716163 1.217089
 698.500000 -0.465660 1.457280
 699.000000 -0.478547 1.449246
 699.500000 -0.744370 1.187456
 700.000000 -0.307516 1.653174
 700.500000 -0.721692 1.246360
 701.000000 -0.552388 1.403980
 701.500000 -0.447398 1.485234
 702.000000 -0.785499 1.148585
 702.500000 -0.293984 1.650087
 703.000000 -0.701103 1.217006
 703.500000 -0.535654 1.376171
 704.000000 -0.421838 1.499273
 704.500000 -0.793542 1.144850
 705.000000 -0.306613 1.633244
 705.500000 -0.699761 1.241991
 706.000000 -0.517430 1.420292
 706.500000 -0.444085 1.490920
 707.000000 -0.720072 1.217713
 707.500000 -0.382061 1.588253
 708.000000 -0.628251 1.315006
 708.500000 -0.591391 1.355868
 709.000000 -0.404339 1.540684
 709.500000 -0.702244 1.260927
 710.000000 -0.409596 1.562388
 710.500000 -0.592460 1.392374
 711.000000 -0.639302 1.354029
 711.500000 -0.475746 1.568703
 712.000000 -0.687246 1.367741
 712.500000 -0.539244 1.515111
 713.000000 -0.576243 1.464066
 713.500000 -0.676592 1.340723
 714.000000 -0.424601 1.568769
 714.500000 -0.607407 1.354797
 715.000000 -0.536239 1.393316
 715.500000 -0.541194 1.405609
 716.000000 -0.513487 1.430821
 716.500000 -0.564683 1.404245
 717.000000 -0.518637 1.499477
 717.500000 -0.594111 1.414160
 718.000000 -0.562058 1.498071
 718.500000 -0.586142 1.463957
 719.000000 -0.619341 1.458966
 719.500000 -0.559065 1.545776
 720.000000 -0.717349 1.403749
 720.500000 -0.542261 1.549656
 721.000000 -0.591175 1.490960
 721.500000 -0.669258 1.393905
 722.000000 -0.419288 1.597720
 722.500000 -0.730214 1.273846
 723.000000 -0.513432 1.488238
 723.500000 -0.522899 1.482169
 724.000000 -0.752666 1.221740
 724.500000 -0.331415 1.694932
 725.000000 -0.823144 1.185307
 725.500000 -0.490860 1.520455
 726.000000 -0.494401 1.524133
 726.500000 -0.818491 1.141367
 727.000000 -0.258216 1.731153
 727.500000 -0.908905 1.080737
 728.000000 -0.401498 1.572329
 728.500000 -0.602191 1.388082
 729.000000 -0.681751 1.306263
 729.500000 -0.329719 1.618441
 730.000000 -0.778520 1.145836
 730.500000 -0.386233 1.545459
 731.000000 -0.548933 1.341970
 731.500000 -0.597780 1.273625
 732.000000 -0.347280 1.533124
 732.500000 -0.668908 1.220361
 733.000000 -0.430930 1.486871
 733.500000 -0.489061 1.438353
 734.000000 -0.630321 1.299826
 734.500000 -0.399462 1.541664
 735.000000 -0.652504 1.291888
 735.500000 -0.501255 1.428223
 736.000000 -0.472586 1.466380
 736.500000 -0.676638 1.261161
 737.000000 -0.390172 1.543176
 737.500000 -0.594681 1.343554
 738.000000 -0.631297 1.362631
 738.500000 -0.414311 1.576712
 739.000000 -0.697036 1.295014
 739.500000 -0.517663 1.499371
 740.000000 -0.518612 1.515806
 740.500000 -0.755368 1.289213
 741.000000 -0.422373 1.633992
 741.500000 -0.705945 1.364094
 742.000000 -0.577983 1.467911
 742.500000 -0.488621 1.550836
 743.000000 -0.722999 1.298296
 743.500000 -0.428923 1.584958
 744.000000 -0.656423 1.390463
 744.500000 -0.636568 1.367284
 745.000000 -0.436769 1.552637
 745.500000 -0.682602 1.280365
 746.000000 -0.439892 1.500518
 746.500000 -0.568616 1.360473
 747.000000 -0.556982 1.370179
 747.500000 -0.460653 1.485366
 748.000000 -0.638142 1.344031
 748.500000 -0.531402 1.496479
 749.000000 -0.557938 1.492977
 749.500000 -0.670129 1.395136
 750.000000 -0.486155 1.548598
 750.500000 -0.614404 1.377159
 751.000000 -0.590214 1.425940
 751.500000 -0.484461 1.528721
 752.000000 -0.678727 1.333611
 752.500000 -0.465108 1.553941
 753.000000 -0.608971 1.409133
 753.500000 -0.666896 1.365038
 754.000000 -0.418625 1.599606
 754.500000 -0.684259 1.317880
 755.000000 -0.503725 1.492684
 755.500000 -0.533365 1.468193
 756.000000 -0.655258 1.331371
 756.500000 -0.463422 1.540001
 757.000000 -0.612054 1.398584
 757.500000 -0.629320 1.416680
 758.000000 -0.558720 1.521350
 758.500000 -0.610495 1.488838
 759.000000 -0.583835 1.484698
 759.500000 -0.638453 1.441121
 760.000000 -0.549112 1.527604
 760.500000 -0.597814 1.410155
 761.000000 -0.562440 1.413620
 761.500000 -0.509818 1.442960
 762.000000 -0.590470 1.333724
 762.500000 -0.486768 1.444455
 763.000000 -0.570941 1.371572
 763.500000 -0.524760 1.453269
 764.000000 -0.624447 1.422921
 764.500000 -0.537476 1.479439
 765.000000 -0.581981 1.449581
 765.500000 -0.597885 1.457344
 766.000000 -0.549363 1.511272
 766.500000 -0.609143 1.428389
 767.000000 -0.566111 1.429915
 767.500000 -0.475974 1.488915
 768.000000 -0.637384 1.318073
 768.500000 -0.500686 1.417146
 769.000000 -0.480471 1.412805
 769.500000 -0.546671 1.365603
 770.000000 -0.467190 1.438627
 770.500000 -0.524314 1.385754
 771.000000 -0.572613 1.316158
 771.500000 -0.424390 1.450590
 772.000000 -0.498949 1.347427
 772.500000 -0.526544 1.346845
 773.000000 -0.457030 1.417627
 773.500000 -0.550233 1.320192
 774.000000 -0.440644 1.425100
 774.500000 -0.527428 1.321393
 775.000000 -0.524431 1.338627
 775.500000 -0.379784 1.464639
 776.000000 -0.624219 1.241688
 776.500000 -0.446154 1.433030
 777.000000 -0.451431 1.422560
 777.500000 -0.624001 1.266562
 778.000000 -0.393261 1.505710
 778.500000 -0.620669 1.270592
 779.000000 -0.508986 1.411596
 779.500000 -0.452579 1.477156
 780.000000 -0.644053 1.293954
 780.500000 -0.507506 1.434022
 781.000000 -0.457921 1.508652
 781.500000 -0.709636 1.236230
 782.000000 -0.393024 1.577099
 782.500000 -0.629980 1.353870
 783.000000 -0.612580 1.406755
 783.500000 -0.452961 1.588399
 784.000000 -0.771696 1.298867
 784.500000 -0.489521 1.609424
 785.000000 -0.690983 1.395430
 785.500000 -0.636321 1.461277
 786.000000 -0.537882 1.566575
 786.500000 -0.744684 1.350809
 787.000000 -0.530793 1.557309
 787.500000 -0.599384 1.490961
 788.000000 -0.675818 1.384981
 788.500000 -0.460192 1.587155
 789.000000 -0.717126 1.299444
 789.500000 -0.465366 1.502673
 790.000000 -0.523835 1.435533
 790.500000 -0.690371 1.251723
 791.000000 -0.339167 1.605201
 791.500000 -0.739477 1.202835
 792.000000 -0.441567 1.479890
 792.500000 -0.489699 1.428858
 793.000000 -0.609273 1.278700
 793.500000 -0.397049 1.486555
 794.000000 -0.613393 1.301432
 794.500000 -0.522480 1.401983
 795.000000 -0.448061 1.464127
 795.500000 -0.626753 1.268098
 796.000000 -0.419153 1.481995
 796.500000 -0.563651 1.347823
 797.000000 -0.572055 1.349663
 797.500000 -0.426637 1.476645
 798.000000 -0.618644 1.279458
 798.500000 -0.489494 1.412657
 799.000000 -0.491448 1.415256
 799.500000 -0.572932 1.343069
 800.000000 -0.514791 1.416530
 800.500000 -0.525019 1.430063
 801.000000 -0.615440 1.398864
 801.500000 -0.493937 1.537178
 802.000000 -0.629645 1.417650
 802.500000 -0.633810 1.432321
 803.000000 -0.531760 1.551154
 803.500000 -0.655948 1.414596
 804.000000 -0.552554 1.454901
 804.500000 -0.571763 1.424576
 805.000000 -0.560046 1.397802
 805.500000 -0.486742 1.486229
 806.000000 -0.599337 1.402979
 806.500000 -0.569318 1.461635
 807.000000 -0.558915 1.491434
 807.500000 -0.612431 1.401049
 808.000000 -0.489335 1.482682
 808.500000 -0.624401 1.355618
 809.000000 -0.483063 1.528929
 809.500000 -0.598084 1.411169
 810.000000 -0.566752 1.421191
 810.500000 -0.484112 1.508900
 811.000000 -0.635186 1.365348
 811.500000 -0.492591 1.513831
 812.000000 -0.622365 1.391553
 812.500000 -0.603393 1.432575
 813.000000 -0.495662 1.562215
 813.500000 -0.763983 1.306416
 814.000000 -0.459236 1.623231
 814.500000 -0.664941 1.435240
 815.000000 -0.706839 1.368789
 815.500000 -0.424641 1.638177
 816.000000 -0.710916 1.354116
 816.500000 -0.549896 1.475186
 817.000000 -0.527441 1.476011
 817.500000 -0.679891 1.286061
 818.000000 -0.462018 1.486012
 818.500000 -0.568968 1.349989
 819.000000 -0.544886 1.357679
 819.500000 -0.465575 1.445500
 820.000000 -0.608576 1.321611
 820.500000 -0.465072 1.493071
 821.000000 -0.534830 1.397073
 821.500000 -0.579455 1.388051
 822.000000 -0.476878 1.504936
 822.500000 -0.620093 1.365163
 823.000000 -0.536211 1.499221
 823.500000 -0.602531 1.481936
 824.000000 -0.684531 1.380563
 824.500000 -0.442026 1.572977
 825.000000 -0.652665 1.367010
 825.500000 -0.590907 1.465647
 826.000000 -0.503170 1.596121
 826.500000 -0.776089 1.318512
 827.000000 -0.520234 1.587826
 827.500000 -0.630700 1.476998
 828.000000 -0.709837 1.382569
 828.500000 -0.445667 1.665112
 829.000000 -0.794009 1.308378
 829.500000 -0.513550 1.537823
 830.000000 -0.622082 1.438319
 830.500000 -0.694724 1.325660
 831.000000 -0.406990 1.617070
 831.500000 -0.716790 1.286312
 832.000000 -0.478400 1.468201
 832.500000 -0.503342 1.432770
 833.000000 -0.625219 1.288563
 833.500000 -0.387152 1.526937
 834.000000 -0.677094 1.250223
 834.500000 -0.473887 1.435299
 835.000000 -0.451074 1.496397
 835.500000 -0.713429 1.252133
 836.000000 -0.433831 1.577804
 836.500000 -0.645781 1.358911
 837.000000 -0.634437 1.379392
 837.500000 -0.452873 1.566394
 838.000000 -0.693108 1.355766
 838.500000 -0.500726 1.554817
 839.000000 -0.622380 1.420481
 839.500000 -0.604588 1.412489
 840.000000 -0.508239 1.472679
 840.500000 -0.554835 1.375481
 841.000000 -0.538748 1.380781
 841.500000 -0.466543 1.490615
 842.000000 -0.621383 1.353393
 842.500000 -0.528686 1.485468
 843.000000 -0.542432 1.513259
 843.500000 -0.675557 1.369046
 844.000000 -0.543726 1.535702
 844.500000 -0.600920 1.465710
 845.000000 -0.578739 1.426976
 845.500000 -0.492145 1.485480
 846.000000 -0.557677 1.400005
 846.500000 -0.531339 1.391349
 847.000000 -0.524263 1.425688
 847.500000 -0.535070 1.403356
 848.000000 -0.521250 1.449251
 848.500000 -0.513077 1.473469
 849.000000 -0.622315 1.394540
 849.500000 -0.569868 1.479480
 850.000000 -0.586934 1.461902
 850.500000 -0.646386 1.417146
 851.000000 -0.534541 1.520068
 851.500000 -0.626680 1.444642
 852.000000 -0.620354 1.451904
 852.500000 -0.533807 1.521677
 853.000000 -0.584605 1.429601
 853.500000 -0.575179 1.430998
 854.000000 -0.547171 1.444391
 854.500000 -0.545271 1.424882
 855.000000 -0.583061 1.408532
 855.500000 -0.561376 1.465203
 856.000000 -0.619240 1.400099
 856.500000 -0.494407 1.498866
 857.000000 -0.594385 1.426856
 857.500000 -0.556869 1.431447
 858.000000 -0.527150 1.465805
 858.500000 -0.599268 1.354517
 859.000000 -0.429805 1.487568
 859.500000 -0.587237 1.335044
 860.000000 -0.540909 1.361207
 860.500000 -0.443256 1.474531
 861.000000 -0.611635 1.289080
 861.500000 -0.449706 1.444878
 862.000000 -0.520852 1.385230
 862.500000 -0.525874 1.334502
 863.000000 -0.444530 1.431332
 863.500000 -0.511784 1.370556
 864.000000 -0.537679 1.379694
 864.500000 -0.461655 1.467595
 865.000000 -0.581686 1.385659
 865.500000 -0.579610 1.431340
 866.000000 -0.544927 1.497224
 866.500000 -0.696298 1.387209
 867.000000 -0.559741 1.552577
 867.500000 -0.637273 1.467788
 868.000000 -0.681775 1.417605
 868.500000 -0.472949 1.639355
 869.000000 -0.842275 1.290587
 869.500000 -0.480668 1.644084
 870.000000 -0.689469 1.430094
 870.500000 -0.723163 1.382781
 871.000000 -0.451148 1.644241
 871.500000 -0.777920 1.296120
 872.000000 -0.496338 1.582587
 872.500000 -0.578126 1.429095
 873.000000 -0.663969 1.354268
 873.500000 -0.434040 1.592011
 874.000000 -0.719061 1.342466
 874.500000 -0.540442 1.532128
 875.000000 -0.598095 1.465020
 875.500000 -0.740049 1.365682
 876.000000 -0.463289 1.638577
 876.500000 -0.684019 1.402206
 877.000000 -0.603017 1.472091
 877.500000 -0.499931 1.556082
 878.000000 -0.675437 1.343802
 878.500000 -0.464871 1.510412
 879.000000 -0.572570 1.399235
 879.500000 -0.601550 1.353221
 880.000000 -0.421170 1.525150
 880.500000 -0.608733 1.347033
 881.000000 -0.517813 1.441018
 881.500000 -0.477701 1.491411
 882.000000 -0.657310 1.302953
 882.500000 -0.442243 1.544641
 883.000000 -0.601719 1.377084
 883.500000 -0.653670 1.329245
 884.000000 -0.407813 1.570750
 884.500000 -0.691866 1.292008
 885.000000 -0.475084 1.515523
 885.500000 -0.562518 1.453365
 886.000000 -0.687962 1.337666
 886.500000 -0.451922 1.572630
 887.000000 -0.629856 1.381898
 887.500000 -0.655349 1.340240
 888.000000 -0.379802 1.606881
 888.500000 -0.722638 1.269471
 889.000000 -0.531953 1.490197
 889.500000 -0.536983 1.477342
 890.000000 -0.676560 1.342863
 890.500000 -0.501342 1.556276
 891.000000 -0.625927 1.437393
 891.500000 -0.597649 1.448527
 892.000000 -0.526775 1.523774
 892.500000 -0.668232 1.345079
 893.000000 -0.487110 1.504086
 893.500000 -0.551280 1.416138
 894.000000 -0.584952 1.383961
 894.500000 -0.561348 1.460045
 895.000000 -0.525430 1.496225
 895.500000 -0.624836 1.406926
 896.000000 -0.534397 1.460640
 896.500000 -0.603678 1.376809
 897.000000 -0.563721 1.426111
 897.500000 -0.476611 1.516062
 898.000000 -0.658261 1.318133
 898.500000 -0.518638 1.481540
 899.000000 -0.590552 1.432256
 899.500000 -0.581009 1.477847
 900.000000 -0.565091 1.503523
 900.500000 -0.599775 1.430545
 901.000000 -0.506947 1.476198
 901.500000 -0.587007 1.389835
 902.000000 -0.492059 1.497910
 902.500000 -0.599269 1.414894
 903.000000 -0.592955 1.413690
 903.500000 -0.442196 1.567670
 904.000000 -0.711097 1.265879
 904.500000 -0.418411 1.538979
 905.000000 -0.606246 1.334496
 905.500000 -0.572949 1.372718
 906.000000 -0.395198 1.550781
 906.500000 -0.727027 1.228080
 907.000000 -0.443894 1.506813
 907.500000 -0.515798 1.417004
 908.000000 -0.674965 1.278257
 908.500000 -0.393945 1.586695
 909.000000 -0.702286 1.290093
 909.500000 -0.553897 1.465228
 910.000000 -0.499473 1.509958
 910.500000 -0.663341 1.380216
 911.000000 -0.504491 1.564935
 911.500000 -0.697747 1.347892
 912.000000 -0.541142 1.439122
 912.500000 -0.445686 1.446892
 913.000000 -0.627289 1.246596
 913.500000 -0.399708 1.471622
 914.000000 -0.534088 1.315841
 914.500000 -0.534804 1.299233
 915.000000 -0.382266 1.444627
 915.500000 -0.651785 1.271871
 916.000000 -0.468112 1.524266
 916.500000 -0.627626 1.415724
 917.000000 -0.594048 1.452314
 917.500000 -0.565862 1.507177
 918.000000 -0.647243 1.482089
 918.500000 -0.679045 1.462175
 919.000000 -0.628412 1.523475
 919.500000 -0.657155 1.502915
 920.000000 -0.633326 1.520313
 920.500000 -0.624747 1.528162
 921.000000 -0.701907 1.448012
 921.500000 -0.552105 1.608175
 922.000000 -0.715052 1.450953
 922.500000 -0.611375 1.521163
 923.000000 -0.560058 1.470224
 923.500000 -0.574293 1.315416
 924.000000 -0.405002 1.374599
 924.500000 -0.544299 1.343347
 925.000000 -0.628272 1.595281
 925.500000 -0.713385 1.466247
 926.000000 -0.474326 1.346430
 926.500000 -0.395004 1.382300
 927.000000 -0.658521 1.340347
 927.500000 -0.584952 1.661506
 928.000000 -0.709858 1.398421
 928.500000 -0.441625 1.369940
 929.000000 -0.508458 1.270580
 929.500000 -0.590647 1.402233
 930.000000 -0.628572 1.621170
 930.500000 -0.658670 1.278548
 931.000000 -0.355548 1.412175
 931.500000 -0.662439 1.356487
 932.000000 -0.647618 1.607846
 932.500000 -0.624291 1.380316
 933.000000 -0.428412 1.322690
 933.500000 -0.740958 1.538155
 934.000000 -0.442628 1.252615
 934.500000 -0.638860 1.513053
 935.000000 -0.768131 1.480488
 935.500000 -0.381323 1.349947
 936.000000 -0.750715 1.469014
 936.500000 -0.641247 1.571234
 937.000000 -0.588761 1.358435
 937.500000 -0.441952 1.306494
 938.000000 -0.508171 1.532983
 938.500000 -0.804885 1.314992
 939.000000 -0.411061 1.504805
 939.500000 -0.850902 1.409764
 940.000000 -0.439228 1.572250
 940.500000 -0.539668 1.213112
 941.000000 -0.499388 1.368643
 941.500000 -0.601957 1.608423
 942.000000 -0.782104 1.386013
 942.500000 -0.278912 1.426351
 943.000000 -0.872650 1.402329
 943.500000 -0.423671 1.505311
 944.000000 -0.676341 1.311531
 944.500000 -0.532836 1.528363
 945.000000 -0.524032 1.236916
 945.500000 -0.740419 1.589241
 946.000000 -0.427601 1.253478
 946.500000 -0.772346 1.404739
 947.000000 -0.465255 1.439577
 947.500000 -0.622805 1.200686
 948.000000 -0.454956 1.284462
 948.500000 -0.726367 1.411800
 949.000000 -0.480724 1.123363
 949.500000 -0.691417 1.637829
 950.000000 -0.981894 1.457716
 950.500000 -0.277723 1.402369
 951.000000 -0.869930 1.360991
 951.500000 -0.413988 1.486240
 952.000000 -0.609729 1.021028
 952.500000 -0.565378 1.780591
 953.000000 -1.018603 1.431588
 953.500000 -0.674268 1.613998
 954.000000 -0.502165 1.195571
 954.500000 -0.696415 1.643912
 955.000000 -0.487640 1.207191
 955.500000 -0.631695 1.582936
 956.000000 -0.774455 1.440321
 956.500000 -0.380183 1.340309
 957.000000 -0.792513 1.503925
 957.500000 -0.424392 1.308251
 958.000000 -0.559660 1.335933
 958.500000 -0.578774 1.508597
 959.000000 -0.750771 1.484395
 959.500000 -0.573453 1.516750
 960.000000 -0.525230 1.273136
 960.500000 -0.468555 1.317685
 961.000000 -0.435795 1.437420
 961.500000 -0.749597 1.426450
 962.000000 -0.628486 1.586948
 962.500000 -0.564212 1.442625
 963.000000 -0.607495 1.219980
 963.500000 -0.347800 1.456671
 964.000000 -0.791212 1.318351
 964.500000 -0.514187 1.668999
 965.000000 -0.732706 1.435681
 965.500000 -0.702783 1.448074
 966.000000 -0.424875 1.558367
 966.500000 -0.696245 1.169377
 967.000000 -0.310676 1.515440
 967.500000 -0.645417 1.219064
 968.000000 -0.523566 1.399345
 968.500000 -0.607804 1.537158
 969.000000 -0.845997 1.314904
 969.500000 -0.452253 1.680103
 970.000000 -0.781444 1.202006
 970.500000 -0.294234 1.560142
 971.000000 -0.671523 1.162673
 971.500000 -0.477379 1.392324
 972.000000 -0.537219 1.448495
 972.500000 -0.730963 1.302938
 973.000000 -0.462113 1.653716
 973.500000 -0.894505 1.245005
 974.000000 -0.462801 1.691160
 974.500000 -0.666259 1.380137
 975.000000 -0.611043 1.340972
 975.500000 -0.403783 1.436843
 976.000000 -0.660007 1.172874
 976.500000 -0.322478 1.540380
 977.000000 -0.678502 1.300881
 977.500000 -0.582968 1.521852
 978.000000 -0.642778 1.517806
 978.500000 -0.694228 1.430335
 979.000000 -0.522120 1.602786
 979.500000 -0.687179 1.424622
 980.000000 -0.589499 1.501547
 980.500000 -0.596527 1.509854
 981.000000 -0.615643 1.447427
 981.500000 -0.538413 1.500416
 982.000000 -0.576286 1.429300
 982.500000 -0.554761 1.433111
 983.000000 -0.601007 1.353965
 983.500000 -0.483031 1.470465
 984.000000 -0.535942 1.396890
 984.500000 -0.542620 1.388193
 985.000000 -0.450189 1.465796
 985.500000 -0.579943 1.379683
 986.000000 -0.533602 1.467644
 986.500000 -0.553626 1.454032
 987.000000 -0.643119 1.407534
 987.500000 -0.508920 1.526092
 988.000000 -0.613955 1.385240
 988.500000 -0.539198 1.435257
 989.000000 -0.502031 1.462946
 989.500000 -0.588357 1.369435
 990.000000 -0.492566 1.492559
 990.500000 -0.584936 1.412840
 991.000000 -0.574580 1.499281
 991.500000 -0.590253 1.470130
 992.000000 -0.618637 1.439423
 992.500000 -0.551883 1.484481
 993.000000 -0.559454 1.452684
 993.500000 -0.574247 1.413541
 994.000000 -0.509203 1.419515
 994.500000 -0.505099 1.389061
 995.000000 -0.515958 1.346441
 995.500000 -0.446147 1.408890
 996.000000 -0.519584 1.346760
 996.500000 -0.477888 1.380207
 997.000000 -0.477107 1.378828
 997.500000 -0.548809 1.309335
 998.000000 -0.400842 1.470263
 998.500000 -0.598748 1.303011
 999.000000 -0.483804 1.441234
 999.500000 -0.476886 1.429379
 1000.000000 -0.622558 1.320493
