#! FIELDS time p.x p.y
 0.000000 0.000000 20.000000
 0.500000 -0.461449 20.084493
 1.000000 -0.920241 20.640275
 1.500000 -0.856929 21.353851
 2.000000 -0.269308 22.201633
 2.500000 0.358479 23.135468
 3.000000 0.277505 23.713931
 3.500000 -0.169432 24.012326
 4.000000 -0.535451 24.079281
 4.500000 -0.563785 23.613352
 5.000000 -0.054526 22.595758
 5.500000 0.167217 21.323467
 6.000000 -0.251818 20.130194
 6.500000 -0.840461 19.452298
 7.000000 -0.684207 19.253380
 7.500000 -0.078991 19.338158
 8.000000 0.288986 19.915929
 8.500000 -0.134134 20.757426
 9.000000 -0.865654 21.492203
 9.500000 -1.033896 22.274408
 10.000000 -0.368934 23.085259
 10.500000 0.521932 23.589439
 11.000000 0.673621 23.701881
 11.500000 -0.107740 23.462054
 12.000000 -0.999067 22.828853
 12.500000 -1.253954 21.979870
 13.000000 -0.639518 21.174371
 13.500000 0.119039 20.426823
 14.000000 0.270754 19.885511
 14.500000 -0.233088 19.761205
 15.000000 -1.200624 19.711861
 15.500000 -1.347548 19.893409
 16.000000 -0.491050 20.407433
 16.500000 0.293003 20.933687
 17.000000 0.148201 21.686624
 17.500000 -0.539549 22.526140
 18.000000 -0.834212 23.240935
 18.500000 -0.474013 23.887056
 19.000000 0.153121 24.245564
 19.500000 0.609699 24.063167
 20.000000 0.210971 23.272367
 20.500000 -0.430444 22.203896
 21.000000 -0.856741 21.306876
 21.500000 -0.548770 20.458239
 22.000000 -0.165857 19.739555
 22.500000 -0.260620 19.436798
 23.000000 -0.536441 19.499286
 23.500000 -0.597068 19.889591
 24.000000 -0.326117 20.620456
 24.500000 -0.019556 21.353366
 25.000000 -0.098907 22.204643
 25.500000 -0.381895 22.966767
 26.000000 -0.585669 23.516516
 26.500000 -0.390609 23.796717
 27.000000 -0.018833 23.747168
 27.500000 0.257985 23.360010
 28.000000 0.082369 22.687588
 28.500000 -0.561496 21.858545
 29.000000 -0.737404 20.804809
 29.500000 -0.286074 19.621780
 30.000000 0.132420 18.806960
 30.500000 -0.051074 18.510394
 31.000000 -0.630403 18.608211
 31.500000 -1.012734 19.106897
 32.000000 -0.849448 19.997087
 32.500000 -0.272942 21.098547
 33.000000 0.314174 22.184082
 33.500000 0.324161 23.210974
 34.000000 -0.375767 24.015749
 34.500000 -0.946396 24.257774
 35.000000 -0.765385 24.004316
 35.500000 0.002883 23.399081
 36.000000 0.443183 22.583208
 36.500000 0.219081 21.882855
 37.000000 -0.389510 21.243915
 37.500000 -1.035786 20.635242
 38.000000 -1.058916 20.163315
 38.500000 -0.336263 19.886136
 39.000000 0.307558 19.729667
 39.500000 0.086566 19.825845
 40.000000 -0.707880 20.245479
 40.500000 -1.240192 20.910951
 41.000000 -0.879210 21.701710
 41.500000 -0.050915 22.350894
 42.000000 0.605721 22.887693
 42.500000 0.352728 23.093345
 43.000000 -0.528300 23.012346
 43.500000 -1.187870 22.683401
 44.000000 -0.964100 22.148797
 44.500000 -0.107625 21.694633
 45.000000 0.604601 21.163010
 45.500000 0.363280 20.877008
 46.000000 -0.608913 20.758417
 46.500000 -1.244004 20.938644
 47.000000 -1.048454 21.506591
 47.500000 -0.242254 22.013669
 48.000000 0.369462 22.567724
 48.500000 0.229637 23.074531
 49.000000 -0.542646 23.453144
 49.500000 -1.007749 23.623066
 50.000000 -0.677262 23.701577
 50.500000 0.022212 23.599977
 51.000000 0.408584 23.248725
 51.500000 0.246449 23.044054
 52.000000 -0.344505 22.607445
 52.500000 -1.014670 22.001640
 53.000000 -1.086191 21.158842
 53.500000 -0.633096 20.398080
 54.000000 -0.128079 20.043896
 54.500000 0.237867 20.165194
 55.000000 0.001842 20.680207
 55.500000 -0.533020 21.650074
 56.000000 -0.804898 22.680206
 56.500000 -0.574651 23.549715
 57.000000 -0.179174 23.983753
 57.500000 0.339898 23.966910
 58.000000 0.206491 23.556611
 58.500000 -0.232248 23.049547
 59.000000 -0.526562 22.317966
 59.500000 -0.479977 21.392128
 60.000000 -0.124229 20.455162
 60.500000 0.154057 19.754493
 61.000000 -0.179892 19.648039
 61.500000 -0.876361 20.010240
 62.000000 -1.084173 20.536037
 62.500000 -0.663563 21.230370
 63.000000 0.052391 21.836694
 63.500000 0.707889 22.167952
 64.000000 0.410480 22.463045
 64.500000 -0.568228 22.903762
 65.000000 -1.064203 23.103266
 65.500000 -0.782147 23.018643
 66.000000 -0.104253 22.776253
 66.500000 0.385704 22.494790
 67.000000 0.372904 22.157128
 67.500000 -0.162332 21.933334
 68.000000 -0.881253 21.600335
 68.500000 -1.074167 21.329621
 69.000000 -0.814763 21.104487
 69.500000 -0.464521 20.970084
 70.000000 -0.221387 21.017371
 70.500000 0.027070 21.147454
 71.000000 -0.041179 21.493881
 71.500000 -0.369518 21.826329
 72.000000 -0.664074 22.040645
 72.500000 -0.675970 22.378512
 73.000000 -0.249864 22.675979
 73.500000 -0.063988 22.790704
 74.000000 -0.021345 22.782102
 74.500000 -0.262413 22.915737
 75.000000 -0.408328 22.824238
 75.500000 -0.410912 22.431136
 76.000000 -0.275672 21.909236
 76.500000 -0.109563 21.538523
 77.000000 -0.155116 21.205835
 77.500000 -0.519424 21.024550
 78.000000 -0.564039 21.104695
 78.500000 -0.240517 21.239872
 79.000000 -0.079372 21.573729
 79.500000 -0.255698 21.954740
 80.000000 -0.532743 22.328351
 80.500000 -0.470143 22.777568
 81.000000 -0.244703 23.028439
 81.500000 -0.028290 22.976817
 82.000000 0.066527 22.743933
 82.500000 0.026199 22.369569
 83.000000 -0.224873 22.013350
 83.500000 -0.536383 21.654073
 84.000000 -0.525434 21.330693
 84.500000 -0.119188 20.918664
 85.000000 0.038522 20.542842
 85.500000 -0.247870 20.468262
 86.000000 -0.668245 20.515159
 86.500000 -0.821540 20.825099
 87.000000 -0.439616 21.233541
 87.500000 0.110230 21.794524
 88.000000 0.374756 22.456008
 88.500000 0.364686 22.991520
 89.000000 0.083095 23.168821
 89.500000 -0.414552 23.145355
 90.000000 -0.706983 23.093268
 90.500000 -0.466789 22.889077
 91.000000 -0.079190 22.431708
 91.500000 0.053515 22.054991
 92.000000 -0.049673 21.689950
 92.500000 -0.208553 21.292691
 93.000000 -0.316131 20.860984
 93.500000 -0.578282 20.602459
 94.000000 -0.756358 20.393694
 94.500000 -0.484412 20.491551
 95.000000 -0.136397 21.001092
 95.500000 -0.117429 21.639488
 96.000000 -0.382229 22.090398
 96.500000 -0.572011 22.357270
 97.000000 -0.686097 22.546328
 97.500000 -0.643184 22.517293
 98.000000 -0.278961 22.307341
 98.500000 0.131444 22.103708
 99.000000 0.073125 21.980272
 99.500000 -0.287510 21.943495
 100.000000 -0.456463 21.793766
 100.500000 -0.396960 21.777229
 101.000000 -0.197412 21.954932
 101.500000 -0.132575 22.394726
 102.000000 -0.110744 22.808113
 102.500000 -0.173440 22.962772
 103.000000 -0.360513 22.826895
 103.500000 -0.381188 22.550715
 104.000000 -0.204060 22.455366
 104.500000 0.009145 22.173400
 105.000000 -0.042185 21.731908
 105.500000 -0.187760 21.137622
 106.000000 -0.640873 20.662130
 106.500000 -1.076249 20.299153
 107.000000 -0.895582 20.186823
 107.500000 -0.320575 20.182863
 108.000000 0.111876 20.439160
 108.500000 0.154626 20.882264
 109.000000 -0.253782 21.272616
 109.500000 -0.736526 21.659573
 110.000000 -0.698689 21.976322
 110.500000 -0.284547 22.130158
 111.000000 0.232322 22.069943
 111.500000 0.219002 22.003376
 112.000000 -0.311100 22.051365
 112.500000 -0.744894 21.957546
 113.000000 -0.751432 21.902707
 113.500000 -0.206772 21.948750
 114.000000 0.375174 22.006839
 114.500000 0.234905 22.099482
 115.000000 -0.295430 22.035367
 115.500000 -0.686285 21.999615
 116.000000 -0.541254 21.862655
 116.500000 -0.133100 21.735022
 117.000000 0.290698 21.523904
 117.500000 0.105652 21.285798
 118.000000 -0.638799 21.232972
 118.500000 -1.129290 21.294639
 119.000000 -0.853718 21.311663
 119.500000 -0.059179 21.312216
 120.000000 0.269034 21.160374
 120.500000 -0.128585 20.985271
 121.000000 -0.519135 20.868124
 121.500000 -0.616905 20.917778
 122.000000 -0.345028 21.094755
 122.500000 -0.074818 21.399605
 123.000000 -0.161739 21.894386
 123.500000 -0.190906 22.334150
 124.000000 -0.179834 22.442254
 124.500000 -0.305400 22.412290
 125.000000 -0.521833 22.306398
 125.500000 -0.734833 22.125173
 126.000000 -0.688025 21.807806
 126.500000 -0.210501 21.399400
 127.000000 0.126098 21.129974
 127.500000 0.082461 20.860896
 128.000000 -0.332812 20.779347
 128.500000 -0.845419 20.775025
 129.000000 -0.873610 20.868998
 129.500000 -0.233260 20.902916
 130.000000 0.330243 20.843955
 130.500000 -0.045966 20.895524
 131.000000 -0.729676 21.152078
 131.500000 -0.896579 21.550574
 132.000000 -0.495468 21.967788
 132.500000 0.318503 22.583717
 133.000000 0.554572 23.201307
 133.500000 0.108455 23.647764
 134.000000 -0.757526 23.866203
 134.500000 -1.147050 23.660300
 135.000000 -0.758129 22.949326
 135.500000 0.020557 21.846860
 136.000000 0.514689 20.615588
 136.500000 0.185455 19.748915
 137.000000 -0.669647 19.169512
 137.500000 -1.189185 18.703382
 138.000000 -0.943445 18.600807
 138.500000 -0.376089 18.873659
 139.000000 -0.080041 19.674410
 139.500000 0.009528 20.611567
 140.000000 -0.182197 21.625073
 140.500000 -0.637584 22.555181
 141.000000 -0.700919 23.235935
 141.500000 -0.371274 23.940264
 142.000000 -0.005370 24.327752
 142.500000 -0.008988 24.475241
 143.000000 -0.152320 24.143106
 143.500000 -0.253071 23.339516
 144.000000 -0.266205 22.262386
 144.500000 -0.275908 21.256761
 145.000000 -0.176184 20.485314
 145.500000 -0.082400 19.768578
 146.000000 -0.247594 19.403658
 146.500000 -0.697027 19.507348
 147.000000 -0.984482 20.153525
 147.500000 -0.906858 21.229467
 148.000000 -0.404791 22.193981
 148.500000 0.262207 22.688009
 149.000000 0.406091 22.887273
 149.500000 0.038584 22.837452
 150.000000 -0.617270 22.821235
 150.500000 -1.020042 22.689471
 151.000000 -0.694786 22.488308
 151.500000 0.002064 22.157264
 152.000000 0.300146 21.802072
 152.500000 0.205364 21.299180
 153.000000 -0.253169 20.953858
 153.500000 -0.739894 20.700723
 154.000000 -0.965851 20.554492
 154.500000 -0.708405 20.628368
 155.000000 -0.112541 20.622731
 155.500000 0.353355 20.965766
 156.000000 0.219688 21.702017
 156.500000 -0.238623 22.452977
 157.000000 -0.844224 23.065245
 157.500000 -0.989120 23.339232
 158.000000 -0.448545 23.144927
 158.500000 0.433090 22.779405
 159.000000 0.524471 22.336962
 159.500000 -0.277997 21.804986
 160.000000 -1.079953 21.218162
 160.500000 -1.262049 20.643645
 161.000000 -0.568875 20.003003
 161.500000 0.126468 19.368689
 162.000000 0.112750 18.865662
 162.500000 -0.496123 18.802189
 163.000000 -1.330551 18.979819
 163.500000 -1.394533 19.405058
 164.000000 -0.590655 20.070257
 164.500000 0.191663 20.840277
 165.000000 0.385619 21.666237
 165.500000 -0.050676 22.352800
 166.000000 -0.747695 22.887885
 166.500000 -0.972095 23.077745
 167.000000 -0.601949 22.996090
 167.500000 -0.002985 22.727659
 168.000000 0.395372 22.271797
 168.500000 0.230815 21.688932
 169.000000 -0.495976 21.170007
 169.500000 -1.175450 20.550125
 170.000000 -0.906685 20.273729
 170.500000 -0.155298 20.079384
 171.000000 0.150943 20.267893
 171.500000 -0.044054 20.735654
 172.000000 -0.387195 21.288206
 172.500000 -0.539644 21.946141
 173.000000 -0.434676 22.351235
 173.500000 -0.348542 22.732358
 174.000000 -0.220440 23.015303
 174.500000 0.000472 23.071912
 175.000000 0.042598 23.013821
 175.500000 -0.227457 22.792173
 176.000000 -0.575793 22.351522
 176.500000 -0.598900 21.891324
 177.000000 -0.193404 21.465522
 177.500000 0.039058 21.222529
 178.000000 -0.233497 20.918175
 178.500000 -0.899235 20.456473
 179.000000 -1.074131 20.077601
 179.500000 -0.605787 20.005546
 180.000000 0.018968 20.354508
 180.500000 0.252923 20.919185
 181.000000 -0.195001 21.532667
 181.500000 -0.573893 22.199449
 182.000000 -0.424978 22.832940
 182.500000 -0.014750 23.358694
 183.000000 -0.026784 23.511747
 183.500000 -0.390832 23.383873
 184.000000 -0.752645 22.991867
 184.500000 -0.585356 22.517886
 185.000000 -0.074186 21.952687
 185.500000 0.313420 21.473030
 186.000000 0.109848 21.097174
 186.500000 -0.407867 20.923696
 187.000000 -0.791350 20.918937
 187.500000 -0.539762 20.957300
 188.000000 -0.037878 21.173971
 188.500000 0.095658 21.663810
 189.000000 -0.492770 22.318800
 189.500000 -0.949205 23.066161
 190.000000 -0.861210 23.537537
 190.500000 -0.398832 23.767153
 191.000000 0.001185 23.794821
 191.500000 0.150248 23.597211
 192.000000 0.119270 23.203339
 192.500000 -0.140129 22.941536
 193.000000 -0.602657 22.546651
 193.500000 -0.788217 22.041676
 194.000000 -0.642313 21.578422
 194.500000 -0.187140 21.350259
 195.000000 -0.071730 21.032873
 195.500000 -0.397400 20.671921
 196.000000 -0.601727 20.600859
 196.500000 -0.614895 20.764320
 197.000000 -0.417409 21.002664
 197.500000 -0.167493 21.269570
 198.000000 -0.073001 21.567206
 198.500000 -0.147940 21.869344
 199.000000 -0.404683 22.034702
 199.500000 -0.583615 22.190441
 200.000000 -0.544714 22.256260
 200.500000 -0.427870 22.218479
 201.000000 -0.367900 22.002207
 201.500000 -0.274744 21.692266
 202.000000 -0.175543 21.327555
 202.500000 -0.172905 21.040686
 203.000000 -0.339757 20.751354
 203.500000 -0.497427 20.672841
 204.000000 -0.487268 20.976216
 204.500000 -0.298112 21.460793
 205.000000 -0.143077 22.171129
 205.500000 -0.019482 22.647291
 206.000000 -0.005399 23.114561
 206.500000 -0.188802 23.581059
 207.000000 -0.212563 23.840889
 207.500000 -0.210729 23.709590
 208.000000 -0.184131 23.272972
 208.500000 -0.064551 22.670965
 209.000000 -0.149273 21.996132
 209.500000 -0.498170 21.390637
 210.000000 -0.722800 20.787681
 210.500000 -0.387714 20.457088
 211.000000 0.031634 20.605331
 211.500000 0.056674 20.719893
 212.000000 -0.236455 20.951728
 212.500000 -0.553950 21.289179
 213.000000 -0.748680 21.684960
 213.500000 -0.769388 21.891022
 214.000000 -0.510238 22.143809
 214.500000 -0.002086 22.269310
 215.000000 0.161521 22.112766
 215.500000 -0.043203 21.851293
 216.000000 -0.438416 21.671081
 216.500000 -0.558507 21.381627
 217.000000 -0.449247 21.083622
 217.500000 -0.367131 20.592144
 218.000000 -0.405693 20.348532
 218.500000 -0.391626 20.337225
 219.000000 -0.407827 20.477532
 219.500000 -0.467463 20.832459
 220.000000 -0.388589 21.336592
 220.500000 -0.257376 21.885645
 221.000000 -0.159050 22.362391
 221.500000 -0.114925 22.643334
 222.000000 -0.046459 22.780978
 222.500000 -0.225481 22.703738
 223.000000 -0.527848 22.360505
 223.500000 -0.466050 22.014486
 224.000000 -0.213209 21.531439
 224.500000 -0.161058 21.076279
 225.000000 -0.459433 20.803871
 225.500000 -0.595645 20.622418
 226.000000 -0.605211 20.732466
 226.500000 -0.320011 20.980118
 227.000000 0.399313 21.318561
 227.500000 0.705310 21.535081
 228.000000 0.048755 21.718825
 228.500000 -0.881105 22.038044
 229.000000 -1.129622 22.243120
 229.500000 -0.410062 22.296430
 230.000000 0.237216 22.168991
 230.500000 0.378064 21.890842
 231.000000 -0.008068 21.415669
 231.500000 -0.755579 21.028451
 232.000000 -1.114559 20.748016
 232.500000 -0.819759 20.744977
 233.000000 -0.236719 20.774040
 233.500000 0.274186 21.005132
 234.000000 0.187591 21.270597
 234.500000 -0.414476 21.619018
 235.000000 -0.976669 21.887471
 235.500000 -0.946663 22.021251
 236.000000 -0.391876 22.109648
 236.500000 0.118953 22.001849
 237.000000 0.273570 21.659035
 237.500000 -0.271352 21.509180
 238.000000 -0.504071 21.426490
 238.500000 -0.579959 21.439316
 239.000000 -0.432085 21.385612
 239.500000 -0.059317 21.136436
 240.000000 0.098048 20.911280
 240.500000 -0.093508 20.723334
 241.000000 -0.435115 20.655040
 241.500000 -0.681123 20.843144
 242.000000 -0.525441 21.266473
 242.500000 -0.245342 21.596679
 243.000000 -0.103937 21.909372
 243.500000 -0.053177 22.190365
 244.000000 -0.244501 22.375429
 244.500000 -0.302969 22.482157
 245.000000 -0.347142 22.595620
 245.500000 -0.406083 22.679690
 246.000000 -0.444896 22.670518
 246.500000 -0.463436 22.539762
 247.000000 -0.434679 22.166554
 247.500000 -0.272094 21.685675
 248.000000 0.006481 21.283455
 248.500000 0.166839 21.051931
 249.000000 -0.279269 20.998175
 249.500000 -0.723771 21.042040
 250.000000 -0.841636 21.151605
 250.500000 -0.480253 21.496984
 251.000000 0.016299 22.029631
 251.500000 0.310571 22.491916
 252.000000 0.001353 22.668391
 252.500000 -0.671371 22.683656
 253.000000 -0.872378 22.412781
 253.500000 -0.360955 21.932943
 254.000000 0.058579 21.468849
 254.500000 0.091606 20.972854
 255.000000 -0.161392 20.651289
 255.500000 -0.818981 20.432081
 256.000000 -0.990123 20.487782
 256.500000 -0.566655 20.792881
 257.000000 -0.037307 21.124839
 257.500000 0.261013 21.589710
 258.000000 0.074830 22.112562
 258.500000 -0.285785 22.509820
 259.000000 -0.649759 23.064980
 259.500000 -0.526392 23.402578
 260.000000 -0.289298 23.577067
 260.500000 0.049428 23.351955
 261.000000 0.208902 22.769035
 261.500000 -0.115692 22.134117
 262.000000 -0.621285 21.486037
 262.500000 -0.818515 21.127634
 263.000000 -0.712808 20.898112
 263.500000 -0.342805 20.998234
 264.000000 0.031216 21.339590
 264.500000 0.115491 21.745422
 265.000000 -0.184645 21.986052
 265.500000 -0.523880 22.181182
 266.000000 -0.710481 22.182484
 266.500000 -0.427813 21.880560
 267.000000 0.007248 21.397081
 267.500000 0.244117 20.957203
 268.000000 -0.111296 20.699201
 268.500000 -0.621617 20.461537
 269.000000 -0.926522 20.348954
 269.500000 -0.382589 20.339758
 270.000000 0.255677 20.551798
 270.500000 0.168341 20.798767
 271.000000 -0.429201 21.186349
 271.500000 -0.896055 21.504348
 272.000000 -0.842530 21.870927
 272.500000 -0.187147 22.481869
 273.000000 0.403825 23.124993
 273.500000 0.368948 23.506989
 274.000000 -0.239934 23.765683
 274.500000 -0.589392 23.736856
 275.000000 -0.372967 23.531172
 275.500000 0.121971 23.075562
 276.000000 0.152243 22.309086
 276.500000 -0.346384 21.485896
 277.000000 -0.716265 20.810056
 277.500000 -0.671801 20.346364
 278.000000 -0.469106 20.221520
 278.500000 -0.118842 20.278568
 279.000000 -0.008863 20.562229
 279.500000 -0.122891 21.094803
 280.000000 -0.202414 21.782425
 280.500000 -0.192035 22.304182
 281.000000 -0.145019 22.765672
 281.500000 -0.168855 22.783777
 282.000000 -0.307965 22.557204
 282.500000 -0.428996 22.304302
 283.000000 -0.498764 21.977789
 283.500000 -0.404069 21.374569
 284.000000 -0.132326 20.625460
 284.500000 -0.194848 19.944211
 285.000000 -0.488562 19.319628
 285.500000 -0.671420 18.957377
 286.000000 -0.489656 19.025350
 286.500000 -0.166074 19.620039
 287.000000 -0.127613 20.613013
 287.500000 -0.401937 21.678234
 288.000000 -0.789876 22.722862
 288.500000 -0.843232 23.778997
 289.000000 -0.306640 24.515035
 289.500000 0.448434 24.892808
 290.000000 0.528361 24.825993
 290.500000 -0.120278 24.239011
 291.000000 -0.987543 23.344027
 291.500000 -1.286442 22.286323
 292.000000 -0.576319 21.155701
 292.500000 0.371300 19.997113
 293.000000 0.503166 19.317242
 293.500000 -0.468411 19.039562
 294.000000 -1.493157 19.090314
 294.500000 -1.441869 19.429081
 295.000000 -0.386144 19.868837
 295.500000 0.781143 20.460790
 296.000000 0.856300 21.303612
 296.500000 -0.222327 22.266293
 297.000000 -1.126236 23.087225
 297.500000 -1.072230 23.764464
 298.000000 -0.184765 23.968387
 298.500000 0.621444 23.735960
 299.000000 0.622386 23.383367
 299.500000 -0.147394 22.795863
 300.000000 -0.922553 22.067149
 300.500000 -1.150826 21.365291
 301.000000 -0.600118 20.696692
 301.500000 0.191114 20.081547
 302.000000 0.438867 19.654561
 302.500000 -0.254527 19.710119
 303.000000 -0.968914 20.102940
 303.500000 -1.160515 20.687166
 304.000000 -0.533169 21.379442
 304.500000 0.269879 22.012019
 305.000000 0.568719 22.742559
 305.500000 0.114768 23.298366
 306.000000 -0.701760 23.484282
 306.500000 -0.930963 23.501926
 307.000000 -0.407086 23.049873
 307.500000 0.348634 22.303084
 308.000000 0.509616 21.456643
 308.500000 -0.216649 20.865552
 309.000000 -1.275772 20.624282
 309.500000 -1.569032 20.446917
 310.000000 -0.603200 20.305949
 310.500000 0.755477 20.368581
 311.000000 1.098196 20.728279
 311.500000 0.105965 21.249619
 312.000000 -1.211603 21.841977
 312.500000 -1.701284 22.388396
 313.000000 -0.667480 22.688404
 313.500000 0.886048 22.851207
 314.000000 1.411572 23.214539
 314.500000 0.182430 23.365432
 315.000000 -1.502090 23.212182
 315.500000 -2.191142 22.941286
 316.000000 -1.201605 22.428282
 316.500000 0.507699 21.879665
 317.000000 1.267508 21.227326
 317.500000 0.139041 20.723830
 318.000000 -1.469234 20.548757
 318.500000 -1.929362 20.399632
 319.000000 -0.934366 20.177204
 319.500000 0.473387 20.184551
 320.000000 1.023881 20.529669
 320.500000 0.299059 21.214332
 321.000000 -0.881917 21.856291
 321.500000 -1.421599 22.447827
 322.000000 -0.786253 22.953791
 322.500000 0.461244 23.368131
 323.000000 1.120036 23.434073
 323.500000 0.418061 23.361743
 324.000000 -0.769847 23.151741
 324.500000 -1.639763 22.857019
 325.000000 -1.341600 22.382313
 325.500000 0.064481 21.841074
 326.000000 1.104068 21.351440
 326.500000 0.991832 20.817821
 327.000000 -0.279652 20.448143
 327.500000 -1.497765 20.202876
 328.000000 -1.536160 20.251038
 328.500000 -0.488608 20.518147
 329.000000 0.544609 21.139035
 329.500000 0.530500 21.924710
 330.000000 -0.337143 22.679716
 330.500000 -1.258224 23.225501
 331.000000 -1.226309 23.689619
 331.500000 -0.251597 24.228201
 332.000000 0.667939 24.493478
 332.500000 0.946691 24.547192
 333.000000 0.074982 24.075732
 333.500000 -1.194630 23.293030
 334.000000 -1.611627 22.366065
 334.500000 -0.659509 21.329068
 335.000000 0.577885 20.312054
 335.500000 0.753955 19.696224
 336.000000 -0.315788 19.428326
 336.500000 -1.402889 19.789807
 337.000000 -1.388036 20.309884
 337.500000 -0.532791 20.558696
 338.000000 0.527534 20.885425
 338.500000 0.652360 21.337602
 339.000000 -0.186729 21.788715
 339.500000 -0.960928 22.235934
 340.000000 -0.939591 22.327843
 340.500000 -0.296305 22.413769
 341.000000 0.146775 22.541335
 341.500000 0.034436 22.505694
 342.000000 -0.165112 22.188222
 342.500000 -0.495806 21.855574
 343.000000 -0.605829 21.463579
 343.500000 -0.373303 21.120598
 344.000000 -0.153766 20.815942
 344.500000 -0.062302 20.728809
 345.000000 -0.124048 20.954921
 345.500000 -0.389017 21.449324
 346.000000 -0.355170 22.148770
 346.500000 -0.247308 22.710377
 347.000000 -0.171642 22.880985
 347.500000 -0.243477 22.909791
 348.000000 -0.180296 22.768732
 348.500000 -0.135073 22.825834
 349.000000 -0.162997 22.905812
 349.500000 -0.190427 22.826124
 350.000000 -0.124391 22.505787
 350.500000 -0.075413 22.081330
 351.000000 -0.358044 21.764755
 351.500000 -0.645935 21.391330
 352.000000 -0.478689 20.990455
 352.500000 -0.077757 20.657087
 353.000000 -0.013988 20.420967
 353.500000 -0.228047 20.425333
 354.000000 -0.654573 20.747486
 354.500000 -0.783209 21.290231
 355.000000 -0.336726 21.929177
 355.500000 0.268365 22.410419
 356.000000 0.026853 22.789657
 356.500000 -0.662972 23.154199
 357.000000 -0.960643 23.118036
 357.500000 -0.726311 22.934945
 358.000000 0.054660 22.688919
 358.500000 0.484384 22.389186
 359.000000 0.271050 22.002214
 359.500000 -0.517999 21.515070
 360.000000 -1.135226 20.952052
 360.500000 -0.860522 20.544221
 361.000000 0.077788 20.430987
 361.500000 0.499902 20.610686
 362.000000 0.003026 21.022954
 362.500000 -0.678037 21.598612
 363.000000 -0.936669 21.957628
 363.500000 -0.721892 22.103343
 364.000000 -0.205574 22.142843
 364.500000 0.243285 22.102129
 365.000000 0.164154 21.893699
 365.500000 -0.277640 21.967859
 366.000000 -0.688537 22.182281
 366.500000 -0.776027 22.383636
 367.000000 -0.490833 22.699978
 367.500000 -0.007842 22.896567
 368.000000 0.216724 22.741693
 368.500000 -0.163883 22.356500
 369.000000 -0.751728 21.860213
 369.500000 -1.013894 21.393568
 370.000000 -0.787735 20.649360
 370.500000 -0.322550 19.899951
 371.000000 0.138316 19.436418
 371.500000 -0.048254 19.448412
 372.000000 -0.525728 19.723198
 372.500000 -0.785451 20.221895
 373.000000 -0.856353 20.827911
 373.500000 -0.448621 21.294575
 374.000000 -0.104815 21.624085
 374.500000 -0.107502 21.812967
 375.000000 -0.329862 21.983960
 375.500000 -0.522073 22.312985
 376.000000 -0.500918 22.543878
 376.500000 -0.303785 22.804760
 377.000000 -0.009360 23.079613
 377.500000 0.084771 23.213320
 378.000000 0.110441 23.239471
 378.500000 -0.200601 23.182407
 379.000000 -0.467515 22.932661
 379.500000 -0.621085 22.638869
 380.000000 -0.551831 22.175889
 380.500000 -0.345361 21.579798
 381.000000 -0.207876 20.966917
 381.500000 0.008092 20.343582
 382.000000 -0.168686 19.914970
 382.500000 -0.579266 19.954347
 383.000000 -0.912613 20.089776
 383.500000 -0.775797 20.308042
 384.000000 -0.176013 20.562670
 384.500000 0.163439 20.913586
 385.000000 -0.228859 21.433405
 385.500000 -0.566762 21.975824
 386.000000 -0.568201 22.476314
 386.500000 -0.264731 22.871390
 387.000000 -0.120220 23.153001
 387.500000 -0.103880 23.364772
 388.000000 -0.237838 23.329892
 388.500000 -0.339021 22.998366
 389.000000 -0.261406 22.808975
 389.500000 -0.174606 22.718940
 390.000000 -0.159294 22.454429
 390.500000 -0.182651 22.246300
 391.000000 -0.416595 22.091332
 391.500000 -0.413227 21.995758
 392.000000 -0.259218 21.765623
 392.500000 -0.029951 21.521282
 393.000000 0.005229 21.267780
 393.500000 -0.182686 21.219427
 394.000000 -0.583171 21.223933
 394.500000 -0.688734 21.282556
 395.000000 -0.417277 21.573561
 395.500000 -0.064785 22.020575
 396.000000 0.069948 22.273623
 396.500000 -0.114328 22.253893
 397.000000 -0.435429 22.143388
 397.500000 -0.552134 21.857665
 398.000000 -0.468773 21.378747
 398.500000 -0.159570 20.998900
 399.000000 0.138966 20.775926
 399.500000 -0.009367 20.553893
 400.000000 -0.243873 20.417781
 400.500000 -0.782926 20.462342
 401.000000 -1.108690 20.765755
 401.500000 -0.712378 21.325287
 402.000000 0.225143 21.871267
 402.500000 0.859031 22.255989
 403.000000 0.451809 22.530023
 403.500000 -0.570829 22.588272
 404.000000 -1.137525 22.465574
 404.500000 -0.899646 22.429343
 405.000000 -0.070306 22.286337
 405.500000 0.726944 22.072051
 406.000000 0.494639 21.787690
 406.500000 -0.508157 21.593885
 407.000000 -1.028546 21.351634
 407.500000 -0.650222 20.919527
 408.000000 -0.084197 20.632474
 408.500000 0.143397 20.463939
 409.000000 -0.158768 20.401652
 409.500000 -0.543019 20.513918
 410.000000 -0.720828 20.759814
 410.500000 -0.461569 21.239871
 411.000000 -0.114260 21.806572
 411.500000 0.065428 22.355970
 412.000000 -0.137191 23.006848
 412.500000 -0.593517 23.511056
 413.000000 -0.726997 23.751482
 413.500000 -0.228646 23.702879
 414.000000 0.291985 23.284281
 414.500000 0.297408 22.569223
 415.000000 -0.234218 21.599178
 415.500000 -0.718571 20.524231
 416.000000 -0.805932 19.809640
 416.500000 -0.593986 19.148285
 417.000000 -0.230456 19.026265
 417.500000 0.038333 19.370407
 418.000000 0.032923 20.040117
 418.500000 -0.223932 21.144722
 419.000000 -0.475864 22.292582
 419.500000 -0.478507 23.180732
 420.000000 -0.137998 23.848337
 420.500000 0.210081 24.221162
 421.000000 0.106759 24.247043
 421.500000 -0.123074 23.972520
 422.000000 -0.171489 23.448959
 422.500000 -0.163191 22.631573
 423.000000 -0.273143 21.677329
 423.500000 -0.384769 20.883303
 424.000000 -0.579546 20.105648
 424.500000 -0.585373 19.578253
 425.000000 -0.414288 19.380676
 425.500000 -0.435571 19.632076
 426.000000 -0.396900 20.318171
 426.500000 -0.354648 21.135372
 427.000000 -0.243654 21.824676
 427.500000 -0.115718 22.362609
 428.000000 -0.114629 22.780856
 428.500000 -0.404533 22.883360
 429.000000 -0.451709 22.726303
 429.500000 -0.450804 22.305040
 430.000000 -0.289465 21.744053
 430.500000 -0.157203 21.326336
 431.000000 -0.343122 21.039902
 431.500000 -0.542461 20.720369
 432.000000 -0.519646 20.669044
 432.500000 -0.523947 20.783908
 433.000000 -0.350866 20.979723
 433.500000 -0.314039 21.262890
 434.000000 -0.335042 21.814691
 434.500000 -0.239530 22.427267
 435.000000 -0.012228 22.941095
 435.500000 -0.057477 23.100579
 436.000000 -0.510958 23.068771
 436.500000 -0.741398 22.782213
 437.000000 -0.407228 22.630537
 437.500000 0.081927 22.315780
 438.000000 0.081320 21.773733
 438.500000 -0.461906 21.299302
 439.000000 -1.021545 20.966872
 439.500000 -0.903570 20.638193
 440.000000 -0.414510 20.348275
 440.500000 0.143015 20.320064
 441.000000 0.197983 20.550626
 441.500000 -0.271435 20.878938
 442.000000 -0.796263 21.305317
 442.500000 -0.910664 21.626301
 443.000000 -0.587088 21.730318
 443.500000 -0.312205 21.795755
 444.000000 0.061005 21.814654
 444.500000 0.166224 21.850811
 445.000000 -0.129304 21.777556
 445.500000 -0.509944 21.681088
 446.000000 -0.625852 21.713465
 446.500000 -0.598633 21.667307
 447.000000 -0.309773 21.462955
 447.500000 -0.053818 21.090080
 448.000000 -0.018997 20.664081
 448.500000 -0.523087 20.605731
 449.000000 -0.785191 20.573811
 449.500000 -0.379980 20.665892
 450.000000 0.071092 21.008754
 450.500000 0.207450 21.561513
 451.000000 -0.010339 22.279045
 451.500000 -0.455885 23.064562
 452.000000 -0.703455 23.700628
 452.500000 -0.424515 23.848197
 453.000000 0.152707 23.615179
 453.500000 0.413561 23.183748
 454.000000 0.044994 22.593294
 454.500000 -0.334434 22.083181
 455.000000 -0.620746 21.598174
 455.500000 -0.677285 21.254858
 456.000000 -0.253041 21.193008
 456.500000 -0.095013 21.189616
 457.000000 -0.299232 21.058672
 457.500000 -0.565007 21.006143
 458.000000 -0.553987 21.234651
 458.500000 -0.361163 21.490923
 459.000000 -0.143276 21.822956
 459.500000 -0.011675 22.313422
 460.000000 -0.128293 22.793669
 460.500000 -0.273784 23.140387
 461.000000 -0.566807 23.325420
 461.500000 -0.754869 23.341524
 462.000000 -0.600247 23.248425
 462.500000 -0.025023 22.828431
 463.000000 0.267330 22.471234
 463.500000 0.279247 22.087880
 464.000000 -0.186663 21.789642
 464.500000 -0.797236 21.495267
 465.000000 -0.930684 21.272388
 465.500000 -0.537913 21.227317
 466.000000 0.005094 21.207832
 466.500000 0.288684 21.155379
 467.000000 0.092740 21.144412
 467.500000 -0.539603 21.310626
 468.000000 -0.779520 21.685486
 468.500000 -0.525778 22.080299
 469.000000 -0.141069 22.437190
 469.500000 0.124282 22.719240
 470.000000 0.093414 22.843314
 470.500000 -0.101547 22.854278
 471.000000 -0.351623 22.893445
 471.500000 -0.667590 22.838858
 472.000000 -0.661710 22.547245
 472.500000 -0.358734 22.390708
 473.000000 0.139240 22.190785
 473.500000 0.232325 21.831678
 474.000000 -0.197227 21.345284
 474.500000 -0.745680 21.020305
 475.000000 -0.821088 20.817450
 475.500000 -0.562318 20.860783
 476.000000 -0.225503 21.226293
 476.500000 0.019990 21.510936
 477.000000 -0.093474 21.997127
 477.500000 -0.560366 22.310005
 478.000000 -0.618135 22.299037
 478.500000 -0.257302 22.431886
 479.000000 0.159554 22.359505
 479.500000 -0.212463 22.358661
 480.000000 -0.737346 22.508158
 480.500000 -0.697954 22.560896
 481.000000 -0.058409 22.337377
 481.500000 0.232196 22.117932
 482.000000 -0.111506 22.132094
 482.500000 -0.587467 22.262143
 483.000000 -0.908932 22.264590
 483.500000 -0.625139 21.892044
 484.000000 0.047265 21.419869
 484.500000 0.218121 21.121937
 485.000000 -0.350964 20.988835
 485.500000 -0.860401 21.057814
 486.000000 -0.820263 21.386334
 486.500000 -0.377049 21.918369
 487.000000 0.038124 22.298336
 487.500000 0.082194 22.530216
 488.000000 -0.193828 22.727414
 488.500000 -0.586073 22.753328
 489.000000 -0.833155 22.533259
 489.500000 -0.612276 22.041573
 490.000000 -0.204721 21.577714
 490.500000 0.030226 21.089313
 491.000000 0.049298 20.784466
 491.500000 -0.326243 20.582221
 492.000000 -0.674311 20.762672
 492.500000 -0.696786 21.015988
 493.000000 -0.363049 21.278761
 493.500000 0.006813 21.746760
 494.000000 0.041867 22.315436
 494.500000 -0.134829 22.961354
 495.000000 -0.429477 23.468404
 495.500000 -0.489104 23.783310
 496.000000 -0.299792 23.618397
 496.500000 0.069476 22.938883
 497.000000 0.326305 22.019680
 497.500000 0.114902 21.128246
 498.000000 -0.620440 20.475496
 498.500000 -1.292634 19.982706
 499.000000 -0.981369 19.817872
 499.500000 -0.144169 19.999455
 500.000000 0.342621 20.466898
 500.500000 0.092674 21.283845
 501.000000 -0.627771 22.030775
 501.500000 -1.065544 22.696988
 502.000000 -0.859285 23.269275
 502.500000 -0.166543 23.571711
 503.000000 0.389102 23.627638
 503.500000 0.363349 23.348174
 504.000000 -0.285615 22.651895
 504.500000 -0.904897 21.855723
 505.000000 -0.824634 21.177105
 505.500000 -0.224023 20.525092
 506.000000 0.357348 20.274023
 506.500000 0.002419 20.300278
 507.000000 -0.926513 20.433458
 507.500000 -1.372800 20.567077
 508.000000 -1.006187 20.617543
 508.500000 -0.139900 20.611247
 509.000000 0.348487 20.829293
 509.500000 0.311909 21.430047
 510.000000 -0.241285 21.964882
 510.500000 -0.884426 22.363044
 511.000000 -1.213591 22.443533
 511.500000 -0.746634 22.344367
 512.000000 0.149963 22.111109
 512.500000 0.411293 21.959329
 513.000000 0.046126 21.822507
 513.500000 -0.679204 21.865963
 514.000000 -1.156614 22.022071
 514.500000 -0.878471 22.114303
 515.000000 0.109255 21.933588
 515.500000 0.737335 21.702215
 516.000000 0.348960 21.636116
 516.500000 -0.526547 21.729317
 517.000000 -1.195269 21.792038
 517.500000 -1.010494 21.875025
 518.000000 -0.131157 21.867463
 518.500000 0.527166 21.740648
 519.000000 0.324289 21.749896
 519.500000 -0.434239 21.978758
 520.000000 -1.053087 22.149340
 520.500000 -0.899186 22.062533
 521.000000 -0.265247 21.738251
 521.500000 0.263876 21.532789
 522.000000 0.273348 21.315750
 522.500000 -0.271487 21.079473
 523.000000 -0.968399 20.951826
 523.500000 -1.208362 20.865874
 524.000000 -0.781578 20.970114
 524.500000 -0.020805 21.292580
 525.000000 0.430991 21.673559
 525.500000 -0.146903 22.134217
 526.000000 -0.883114 22.748141
 526.500000 -1.129770 23.018446
 527.000000 -0.465376 22.909664
 527.500000 0.518871 22.698139
 528.000000 0.531930 22.317959
 528.500000 -0.381710 21.974934
 529.000000 -1.310450 21.452819
 529.500000 -1.354827 20.839124
 530.000000 -0.435153 20.318042
 530.500000 0.677714 20.175064
 531.000000 0.506708 20.300200
 531.500000 -0.463274 20.584863
 532.000000 -1.074577 21.085912
 532.500000 -1.166051 21.535866
 533.000000 -0.530123 21.932387
 533.500000 0.354256 22.405424
 534.000000 0.815945 22.801260
 534.500000 0.314433 23.089046
 535.000000 -0.688118 23.249577
 535.500000 -1.125905 23.137807
 536.000000 -0.595289 22.902809
 536.500000 0.266081 22.579626
 537.000000 0.577764 22.238379
 537.500000 -0.129886 21.914800
 538.000000 -0.944676 21.537805
 538.500000 -1.140410 21.114225
 539.000000 -0.493019 20.848196
 539.500000 0.127150 20.947852
 540.000000 0.136193 21.289664
 540.500000 -0.309747 21.902342
 541.000000 -0.709206 22.479535
 541.500000 -0.575009 22.807487
 542.000000 -0.116530 22.833797
 542.500000 0.089219 22.549028
 543.000000 -0.022459 22.110739
 543.500000 -0.601571 21.736297
 544.000000 -0.917381 21.421422
 544.500000 -0.797461 20.941063
 545.000000 -0.250668 20.499776
 545.500000 0.095659 20.245807
 546.000000 -0.074524 20.436223
 546.500000 -0.494945 20.721352
 547.000000 -0.661720 21.049262
 547.500000 -0.406607 21.384335
 548.000000 -0.057564 21.785766
 548.500000 -0.072778 22.410610
 549.000000 -0.460750 22.735030
 549.500000 -0.765536 22.993671
 550.000000 -0.541616 23.162187
 550.500000 0.012785 23.256755
 551.000000 0.364291 23.070950
 551.500000 0.098413 22.863776
 552.000000 -0.516743 22.540742
 552.500000 -0.786211 22.189877
 553.000000 -0.425249 21.658102
 553.500000 -0.004249 21.183592
 554.000000 0.011699 20.757345
 554.500000 -0.421847 20.496715
 555.000000 -0.639421 20.516711
 555.500000 -0.584431 20.871008
 556.000000 -0.434595 21.369472
 556.500000 -0.112248 21.915233
 557.000000 -0.081545 22.219035
 557.500000 -0.436028 22.676974
 558.000000 -0.691081 22.993048
 558.500000 -0.630010 22.992688
 559.000000 -0.170246 22.659700
 559.500000 0.088103 22.152714
 560.000000 -0.173508 21.687032
 560.500000 -0.632803 21.373728
 561.000000 -0.738280 21.111980
 561.500000 -0.498411 20.900805
 562.000000 -0.224112 20.715282
 562.500000 -0.159885 20.606580
 563.000000 -0.379829 20.910444
 563.500000 -0.461628 21.338128
 564.000000 -0.335557 21.827512
 564.500000 -0.323050 22.347123
 565.000000 -0.246835 22.525157
 565.500000 -0.157613 22.442361
 566.000000 -0.251665 22.261630
 566.500000 -0.577381 21.994007
 567.000000 -0.732756 21.639327
 567.500000 -0.529338 20.966640
 568.000000 -0.213122 20.334877
 568.500000 0.166987 20.169900
 569.000000 0.125039 20.437738
 569.500000 -0.380614 20.757200
 570.000000 -0.769832 21.235527
 570.500000 -0.741321 21.792832
 571.000000 -0.388758 22.487260
 571.500000 -0.054153 23.034725
 572.000000 0.030234 23.325084
 572.500000 -0.220753 23.514991
 573.000000 -0.479166 23.645173
 573.500000 -0.333514 23.738655
 574.000000 0.023515 23.663391
 574.500000 0.211873 23.416966
 575.000000 -0.012306 22.925190
 575.500000 -0.370416 22.305958
 576.000000 -0.624585 21.478578
 576.500000 -0.488280 20.763618
 577.000000 0.010381 20.134500
 577.500000 0.218393 19.836514
 578.000000 -0.176493 19.920995
 578.500000 -0.817587 20.312007
 579.000000 -0.950908 20.898471
 579.500000 -0.559756 21.432885
 580.000000 -0.015492 21.657832
 580.500000 0.216859 21.919328
 581.000000 -0.214767 22.299520
 581.500000 -0.688040 22.756942
 582.000000 -0.572519 23.124750
 582.500000 -0.283214 23.367562
 583.000000 -0.081359 23.329725
 583.500000 -0.245693 22.990551
 584.000000 -0.406571 22.766452
 584.500000 -0.304408 22.538409
 585.000000 -0.300587 22.278309
 585.500000 -0.342076 22.161538
 586.000000 -0.318492 21.971726
 586.500000 -0.151273 21.843939
 587.000000 0.009087 21.812414
 587.500000 -0.169039 21.816809
 588.000000 -0.665686 21.883600
 588.500000 -0.946673 21.722569
 589.000000 -0.736521 21.490037
 589.500000 -0.075216 21.043917
 590.000000 0.309329 20.735663
 590.500000 0.003801 20.673862
 591.000000 -0.584123 20.774836
 591.500000 -0.873770 20.937766
 592.000000 -0.752415 21.154026
 592.500000 -0.344179 21.388981
 593.000000 0.173156 21.594613
 593.500000 -0.052836 21.718686
 594.000000 -0.559136 21.827222
 594.500000 -0.896539 21.909389
 595.000000 -0.645958 21.966789
 595.500000 -0.043950 21.944701
 596.000000 0.382377 21.907138
 596.500000 0.202642 22.028419
 597.000000 -0.404406 21.873196
 597.500000 -0.915026 21.558873
 598.000000 -0.843473 21.361881
 598.500000 -0.585438 21.243008
 599.000000 -0.166215 21.348504
 599.500000 0.115292 21.540195
 600.000000 -0.121455 21.866723
 600.500000 -0.645369 22.259528
 601.000000 -0.904308 22.501889
 601.500000 -0.568785 22.814030
 602.000000 -0.070438 23.231654
 602.500000 0.120528 23.503498
 603.000000 -0.151312 23.619414
 603.500000 -0.531938 23.548916
 604.000000 -0.542437 23.202224
 604.500000 -0.137500 22.704102
 605.000000 0.045631 22.124467
 605.500000 -0.124834 21.405527
 606.000000 -0.555708 20.991126
 606.500000 -0.801813 20.875491
 607.000000 -0.621940 20.933708
 607.500000 -0.237873 20.939249
 608.000000 0.055693 21.074144
 608.500000 -0.122258 21.308798
 609.000000 -0.330698 21.635216
 609.500000 -0.468756 22.030289
 610.000000 -0.352258 22.222761
 610.500000 -0.002456 22.494005
 611.000000 -0.148539 22.736108
 611.500000 -0.485455 22.825100
 612.000000 -0.670129 22.838408
 612.500000 -0.359761 22.688920
 613.000000 0.074809 22.420437
 613.500000 0.151305 22.067576
 614.000000 -0.288041 21.729384
 614.500000 -0.732816 21.541420
 615.000000 -0.577706 21.376608
 615.500000 -0.284146 21.349924
 616.000000 -0.004684 21.493622
 616.500000 0.063492 21.602528
 617.000000 -0.060492 21.682058
 617.500000 -0.379113 21.842960
 618.000000 -0.597362 22.022036
 618.500000 -0.485982 22.174779
 619.000000 -0.242227 22.318144
 619.500000 0.013121 22.360722
 620.000000 0.010680 22.207334
 620.500000 -0.161569 21.968068
 621.000000 -0.241991 21.522918
 621.500000 -0.395420 21.156453
 622.000000 -0.645939 21.123364
 622.500000 -0.569138 21.334373
 623.000000 -0.185353 21.651276
 623.500000 0.148325 22.016966
 624.000000 -0.112861 22.520508
 624.500000 -0.550941 22.835235
 625.000000 -0.892570 23.084657
 625.500000 -0.789904 23.239086
 626.000000 -0.099906 23.211958
 626.500000 0.336126 23.293976
 627.000000 0.225106 23.302057
 627.500000 -0.200887 23.125161
 628.000000 -0.583437 22.631766
 628.500000 -0.797310 22.000545
 629.000000 -0.579220 21.555028
 629.500000 0.032742 21.356005
 630.000000 0.387434 21.106508
 630.500000 0.089995 20.807277
 631.000000 -0.583597 20.740064
 631.500000 -1.060875 20.946608
 632.000000 -0.758058 21.337853
 632.500000 -0.120079 21.640432
 633.000000 0.158565 21.867796
 633.500000 -0.143120 22.121694
 634.000000 -0.609465 22.405529
 634.500000 -0.852649 22.649298
 635.000000 -0.381660 22.508461
 635.500000 0.335355 22.108584
 636.000000 0.226876 21.776094
 636.500000 -0.415062 21.402848
 637.000000 -0.798158 21.259502
 637.500000 -0.712380 21.264019
 638.000000 -0.346239 21.458693
 638.500000 -0.065533 21.768715
 639.000000 0.009517 22.043907
 639.500000 0.072235 22.024363
 640.000000 -0.286596 22.051877
 640.500000 -0.699504 22.297849
 641.000000 -0.686402 22.376184
 641.500000 -0.149310 22.407691
 642.000000 0.287886 22.269765
 642.500000 0.252579 21.963181
 643.000000 -0.401223 21.870432
 643.500000 -1.019664 21.826577
 644.000000 -1.061610 21.774655
 644.500000 -0.415642 21.504327
 645.000000 0.214212 21.264621
 645.500000 0.461584 21.195680
 646.000000 0.003374 21.085932
 646.500000 -0.952596 21.007170
 647.000000 -1.253478 21.033545
 647.500000 -0.786478 20.919630
 648.000000 -0.059214 20.897827
 648.500000 0.209780 21.016522
 649.000000 -0.034817 21.294576
 649.500000 -0.536447 21.735210
 650.000000 -0.851286 22.159270
 650.500000 -0.735294 22.544528
 651.000000 -0.249032 22.899291
 651.500000 0.270884 23.050110
 652.000000 0.284276 23.046338
 652.500000 -0.049359 22.770149
 653.000000 -0.585860 22.219754
 653.500000 -0.987022 21.632120
 654.000000 -0.745041 21.209127
 654.500000 0.050346 20.979630
 655.000000 0.434047 20.847161
 655.500000 -0.024645 20.753022
 656.000000 -0.636034 20.799535
 656.500000 -0.947118 21.063142
 657.000000 -0.712644 21.368092
 657.500000 -0.048904 21.778571
 658.000000 0.450703 22.435719
 658.500000 0.399638 23.349655
 659.000000 -0.236693 24.093904
 659.500000 -0.918088 24.476263
 660.000000 -0.800633 24.361678
 660.500000 -0.304573 23.899199
 661.000000 0.168468 23.211991
 661.500000 0.336587 22.413871
 662.000000 -0.202083 21.811420
 662.500000 -0.694740 21.325974
 663.000000 -0.615335 21.051431
 663.500000 -0.034502 20.799475
 664.000000 0.288591 20.616380
 664.500000 -0.018385 20.616106
 665.000000 -0.665410 20.852304
 665.500000 -1.023983 21.346618
 666.000000 -0.922186 21.829822
 666.500000 -0.515557 22.169853
 667.000000 0.136657 22.609869
 667.500000 0.360852 22.985100
 668.000000 0.035440 23.138878
 668.500000 -0.453872 23.047107
 669.000000 -0.860992 22.664634
 669.500000 -0.846571 22.173746
 670.000000 -0.390829 21.756709
 670.500000 0.177550 21.422152
 671.000000 0.335828 21.170017
 671.500000 0.065285 20.998298
 672.000000 -0.575052 21.229496
 672.500000 -1.000630 21.483474
 673.000000 -0.625278 21.868700
 673.500000 0.093567 22.215431
 674.000000 0.413723 22.386606
 674.500000 0.070077 22.579342
 675.000000 -0.617303 22.756902
 675.500000 -1.148389 22.868227
 676.000000 -0.868485 22.835955
 676.500000 0.084135 22.466742
 677.000000 0.729787 21.839103
 677.500000 0.372921 21.287542
 678.000000 -0.831302 20.790345
 678.500000 -1.518148 20.229145
 679.000000 -1.089652 19.655821
 679.500000 -0.130228 19.247698
 680.000000 0.528987 19.265228
 680.500000 0.215169 19.677397
 681.000000 -0.669572 20.541891
 681.500000 -1.256815 21.430981
 682.000000 -0.926236 22.368635
 682.500000 0.036620 23.180591
 683.000000 0.603285 23.849332
 683.500000 0.600363 24.280780
 684.000000 -0.324912 24.171354
 684.500000 -1.299383 23.484885
 685.000000 -1.279726 22.421776
 685.500000 -0.261089 21.458393
 686.000000 0.681425 20.589702
 686.500000 0.469544 19.699017
 687.000000 -0.783333 19.216596
 687.500000 -1.791788 19.177912
 688.000000 -1.591016 19.681772
 688.500000 -0.289916 20.363136
 689.000000 0.878828 21.233255
 689.500000 0.760155 22.301743
 690.000000 -0.183699 23.243135
 690.500000 -1.162276 23.742443
 691.000000 -1.125445 24.021416
 691.500000 -0.384795 23.984302
 692.000000 0.428222 23.534932
 692.500000 0.551983 22.868555
 693.000000 -0.084423 22.327702
 693.500000 -0.770152 21.994470
 694.000000 -0.912591 21.708216
 694.500000 -0.407351 21.317511
 695.000000 0.011222 21.106358
 695.500000 0.149843 21.143294
 696.000000 -0.048927 21.240777
 696.500000 -0.641263 21.393149
 697.000000 -0.976608 21.770175
 697.500000 -0.744376 21.950843
 698.000000 0.149111 21.977778
 698.500000 0.681297 22.150227
 699.000000 0.157813 22.481642
 699.500000 -0.888155 22.852947
 700.000000 -1.407681 23.053804
 700.500000 -0.754842 23.079499
 701.000000 0.450036 23.004395
 701.500000 0.839796 22.674277
 702.000000 0.110995 22.290676
 702.500000 -0.954814 21.831599
 703.000000 -1.457146 21.315205
 703.500000 -1.009757 20.935984
 704.000000 -0.002080 20.562718
 704.500000 0.732011 20.368165
 705.000000 0.383427 20.306700
 705.500000 -0.837668 20.564370
 706.000000 -1.522848 20.918093
 706.500000 -0.939108 21.432620
 707.000000 0.318912 21.852204
 707.500000 0.974699 22.188539
 708.000000 0.370550 22.719721
 708.500000 -0.716413 22.947581
 709.000000 -1.209738 22.709761
 709.500000 -0.660261 22.039485
 710.000000 0.251258 21.235145
 710.500000 0.753346 20.808165
 711.000000 0.166128 20.455627
 711.500000 -1.019276 20.452168
 712.000000 -1.282605 20.685614
 712.500000 -0.666220 21.022108
 713.000000 0.146189 21.477665
 713.500000 0.489725 21.794462
 714.000000 -0.120144 22.099727
 714.500000 -0.601315 22.372814
 715.000000 -0.799275 22.494313
 715.500000 -0.587206 22.436007
 716.000000 -0.306545 22.185602
 716.500000 -0.037109 22.149627
 717.000000 -0.161624 22.132649
 717.500000 -0.407150 22.186343
 718.000000 -0.482489 22.104868
 718.500000 -0.319103 22.088239
 719.000000 0.149219 21.959538
 719.500000 0.167620 21.790729
 720.000000 -0.318273 21.504214
 720.500000 -0.776587 21.341481
 721.000000 -0.767301 21.243216
 721.500000 -0.262291 21.394239
 722.000000 0.334040 21.722722
 722.500000 0.306561 22.030423
 723.000000 -0.242335 22.274536
 723.500000 -0.901154 22.536903
 724.000000 -0.882920 22.740385
 724.500000 -0.179758 22.655135
 725.000000 0.436192 22.518792
 725.500000 0.276243 22.186336
 726.000000 -0.577819 21.925616
 726.500000 -0.983185 21.674875
 727.000000 -0.813459 21.178404
 727.500000 -0.332636 20.960885
 728.000000 -0.002721 20.785901
 728.500000 -0.081207 20.745874
 729.000000 -0.380804 21.038984
 729.500000 -0.721906 21.594372
 730.000000 -0.509712 21.979453
 730.500000 -0.117600 22.210576
 731.000000 0.171943 22.343705
 731.500000 0.073127 22.480302
 732.000000 -0.293201 22.533142
 732.500000 -0.461596 22.352408
 733.000000 -0.332086 22.171749
 733.500000 0.053560 22.136144
 734.000000 0.096074 22.143886
 734.500000 -0.385780 22.129878
 735.000000 -0.844291 21.991837
 735.500000 -0.800317 21.718379
 736.000000 -0.202887 21.278246
 736.500000 0.198373 20.991466
 737.000000 0.012647 20.935974
 737.500000 -0.334216 20.895905
 738.000000 -0.584908 20.869649
 738.500000 -0.560436 20.935004
 739.000000 -0.326236 21.022726
 739.500000 -0.015116 21.216896
 740.000000 0.139523 21.547995
 740.500000 0.080179 21.957655
 741.000000 -0.234481 22.264413
 741.500000 -0.486641 22.483008
 742.000000 -0.502555 22.724882
 742.500000 -0.276751 22.844779
 743.000000 -0.017136 22.987394
 743.500000 0.038616 23.050447
 744.000000 -0.107230 22.829437
 744.500000 -0.451491 22.476683
 745.000000 -0.689074 22.071536
 745.500000 -0.518710 21.464368
 746.000000 -0.023655 20.829453
 746.500000 0.196545 20.469568
 747.000000 -0.160985 20.199126
 747.500000 -0.710716 20.186654
 748.000000 -0.904474 20.403776
 748.500000 -0.744818 20.795365
 749.000000 -0.200640 21.098882
 749.500000 0.308044 21.502625
 750.000000 0.247702 21.813399
 750.500000 -0.176612 22.064706
 751.000000 -0.568824 22.213616
 751.500000 -0.603272 22.183784
 752.000000 -0.408055 22.171529
 752.500000 -0.153198 22.271320
 753.000000 0.096920 22.359862
 753.500000 -0.188104 22.456843
 754.000000 -0.552113 22.295828
 754.500000 -0.581547 22.161750
 755.000000 -0.443063 21.888918
 755.500000 -0.332560 21.573271
 756.000000 -0.165445 21.253748
 756.500000 -0.024813 21.008993
 757.000000 -0.138681 20.994322
 757.500000 -0.432589 21.071996
 758.000000 -0.611924 21.210780
 758.500000 -0.667142 21.419039
 759.000000 -0.287482 21.707403
 759.500000 0.066215 22.164585
 760.000000 0.081390 22.436201
 760.500000 -0.227832 22.592893
 761.000000 -0.792780 22.565471
 761.500000 -1.058111 22.292715
 762.000000 -0.643905 21.993044
 762.500000 -0.065165 21.521467
 763.000000 -0.006555 21.243586
 763.500000 -0.493722 20.873397
 764.000000 -0.729611 20.378253
 764.500000 -0.531600 20.074509
 765.000000 -0.060946 19.857290
 765.500000 0.070085 19.950469
 766.000000 -0.107989 20.420636
 766.500000 -0.392902 21.015333
 767.000000 -0.527262 21.633141
 767.500000 -0.522441 22.236732
 768.000000 -0.149292 22.620649
 768.500000 0.017397 22.784243
 769.000000 -0.120114 22.755811
 769.500000 -0.398527 22.609856
 770.000000 -0.509986 22.449409
 770.500000 -0.314661 22.069016
 771.000000 -0.065838 21.690548
 771.500000 -0.055550 21.366858
 772.000000 -0.398791 21.310001
 772.500000 -0.456166 21.328766
 773.000000 -0.193281 21.373115
 773.500000 -0.080579 21.504888
 774.000000 -0.293083 21.702172
 774.500000 -0.611125 21.984394
 775.000000 -0.662929 22.059221
 775.500000 -0.489786 22.210137
 776.000000 -0.157512 22.413045
 776.500000 0.045595 22.531884
 777.000000 0.060641 22.525692
 777.500000 -0.210289 22.533259
 778.000000 -0.557103 22.472708
 778.500000 -0.588648 22.219743
 779.000000 -0.264857 21.817340
 779.500000 0.034153 21.493567
 780.000000 -0.200315 21.321815
 780.500000 -0.402395 21.160294
 781.000000 -0.526996 21.004138
 781.500000 -0.519373 20.901655
 782.000000 -0.383040 20.868502
 782.500000 -0.252787 21.043351
 783.000000 -0.115932 21.204458
 783.500000 -0.105322 21.528224
 784.000000 -0.271651 21.866609
 784.500000 -0.456228 22.214932
 785.000000 -0.394643 22.700679
 785.500000 -0.284330 22.880030
 786.000000 -0.255207 22.973770
 786.500000 -0.295279 22.612235
 787.000000 -0.416161 22.070238
 787.500000 -0.510980 21.448510
 788.000000 -0.368485 20.963005
 788.500000 -0.303443 20.712069
 789.000000 -0.436918 20.490905
 789.500000 -0.568079 20.378022
 790.000000 -0.489042 20.223005
 790.500000 -0.211102 20.396491
 791.000000 -0.078171 20.790125
 791.500000 -0.280243 21.282881
 792.000000 -0.754257 21.731405
 792.500000 -0.704775 22.174265
 793.000000 -0.223252 22.577244
 793.500000 0.265197 22.878324
 794.000000 0.130587 22.947357
 794.500000 -0.279491 22.686830
 795.000000 -0.568833 22.224305
 795.500000 -0.571212 21.714762
 796.000000 -0.324755 21.229706
 796.500000 -0.052573 20.596851
 797.000000 0.036959 20.203602
 797.500000 -0.200905 20.217184
 798.000000 -0.591553 20.397770
 798.500000 -0.677709 20.722419
 799.000000 -0.364932 20.980782
 799.500000 -0.164082 21.372999
 800.000000 0.006379 21.836006
 800.500000 -0.314675 21.962588
 801.000000 -0.612010 21.985628
 801.500000 -0.527128 22.015115
 802.000000 -0.366146 22.242714
 802.500000 -0.247832 22.516487
 803.000000 -0.191348 22.564019
 803.500000 -0.192344 22.435348
 804.000000 -0.406625 22.300675
 804.500000 -0.616657 22.016631
 805.000000 -0.668272 21.775253
 805.500000 -0.447890 21.625622
 806.000000 -0.136908 21.473543
 806.500000 -0.222084 21.370996
 807.000000 -0.673807 21.152436
 807.500000 -0.826536 21.140276
 808.000000 -0.706729 21.171787
 808.500000 -0.344428 21.228014
 809.000000 -0.095061 21.328745
 809.500000 -0.020099 21.676469
 810.000000 -0.157532 22.332460
 810.500000 -0.350297 22.925175
 811.000000 -0.334703 23.479684
 811.500000 -0.399365 23.857947
 812.000000 -0.449856 23.765638
 812.500000 -0.307845 23.424357
 813.000000 0.050892 22.712617
 813.500000 0.269849 21.867236
 814.000000 0.013677 20.971276
 814.500000 -0.523933 20.400706
 815.000000 -0.946456 20.204275
 815.500000 -0.665936 20.262846
 816.000000 -0.025159 20.657637
 816.500000 0.310635 21.131693
 817.000000 0.042199 21.597568
 817.500000 -0.653142 22.004550
 818.000000 -0.984633 22.192064
 818.500000 -0.653305 21.911365
 819.000000 0.017164 21.289332
 819.500000 0.125008 20.786049
 820.000000 -0.322749 20.431132
 820.500000 -0.969172 20.547507
 821.000000 -1.219713 21.065412
 821.500000 -0.728407 21.711010
 822.000000 0.353307 22.485942
 822.500000 0.939879 23.343187
 823.000000 0.522709 23.995000
 823.500000 -0.526560 24.163976
 824.000000 -1.323826 23.960452
 824.500000 -1.039941 23.184954
 825.000000 -0.012879 22.157173
 825.500000 0.706758 21.254876
 826.000000 0.382514 20.577458
 826.500000 -0.777998 20.263974
 827.000000 -1.659588 20.182403
 827.500000 -1.372033 20.360866
 828.000000 -0.083430 20.754445
 828.500000 1.085408 21.243508
 829.000000 0.838112 21.980893
 829.500000 -0.783564 22.543895
 830.000000 -2.106474 22.767602
 830.500000 -1.831406 22.773660
 831.000000 -0.324138 22.521394
 831.500000 1.145517 22.355555
 832.000000 1.070006 22.139203
 832.500000 -0.515990 21.791048
 833.000000 -2.026706 21.637957
 833.500000 -1.880068 21.341575
 834.000000 -0.315864 21.100104
 834.500000 0.977944 21.130058
 835.000000 0.970486 21.266389
 835.500000 -0.161730 21.633944
 836.000000 -1.216205 21.981135
 836.500000 -1.242785 21.922398
 837.000000 -0.370143 21.564554
 837.500000 0.497281 21.191026
 838.000000 0.745298 21.096114
 838.500000 0.081261 21.165852
 839.000000 -0.961836 21.586497
 839.500000 -1.487642 22.119519
 840.000000 -0.791227 22.614871
 840.500000 0.490149 22.831402
 841.000000 1.258171 22.955335
 841.500000 0.703031 22.739950
 842.000000 -0.705964 22.468397
 842.500000 -1.452459 22.109082
 843.000000 -0.872259 21.723681
 843.500000 0.438528 21.349201
 844.000000 0.952898 20.917769
 844.500000 0.095857 20.603303
 845.000000 -1.047599 20.558798
 845.500000 -1.363471 20.634675
 846.000000 -0.597759 20.736315
 846.500000 0.571465 21.085707
 847.000000 0.827847 21.429188
 847.500000 -0.129257 21.756948
 848.000000 -1.130091 21.939712
 848.500000 -1.185121 22.151119
 849.000000 -0.107216 22.228982
 849.500000 0.771823 22.244545
 850.000000 0.513169 22.158758
 850.500000 -0.597165 21.799403
 851.000000 -1.289329 21.233494
 851.500000 -0.994211 20.613600
 852.000000 -0.223568 20.104732
 852.500000 0.392236 19.837492
 853.000000 0.299549 20.031868
 853.500000 -0.440262 20.612668
 854.000000 -1.278651 21.332839
 854.500000 -1.025191 22.015465
 855.000000 0.063657 22.502095
 855.500000 0.829468 22.515963
 856.000000 0.484164 22.477046
 856.500000 -0.686215 22.463423
 857.000000 -1.304822 22.378700
 857.500000 -0.798010 22.208558
 858.000000 0.137529 21.856524
 858.500000 0.514577 21.461257
 859.000000 0.077045 21.273734
 859.500000 -0.726542 21.294580
 860.000000 -1.207410 21.644296
 860.500000 -0.741584 22.091568
 861.000000 0.190739 22.460214
 861.500000 0.488431 22.827080
 862.000000 -0.157412 23.246836
 862.500000 -0.933215 23.556367
 863.000000 -0.728480 23.637642
 863.500000 -0.004108 23.371930
 864.000000 0.606208 22.915765
 864.500000 0.684041 22.488682
 865.000000 0.031294 22.059433
 865.500000 -0.844813 21.448456
 866.000000 -1.328947 20.783470
 866.500000 -0.908644 20.171016
 867.000000 -0.143049 19.710432
 867.500000 0.166722 19.433871
 868.000000 -0.111750 19.378638
 868.500000 -0.644706 19.465875
 869.000000 -0.936552 19.814547
 869.500000 -0.770719 20.444205
 870.000000 -0.184231 21.398490
 870.500000 0.164228 22.302279
 871.000000 -0.107986 23.064630
 871.500000 -0.477362 23.646273
 872.000000 -0.532207 23.991407
 872.500000 -0.151194 23.999744
 873.000000 0.292581 23.761179
 873.500000 0.236617 23.365545
 874.000000 -0.328447 22.746293
 874.500000 -0.929842 22.016831
 875.000000 -0.821087 21.304790
 875.500000 -0.294871 20.713987
 876.000000 0.118442 20.217489
 876.500000 0.027295 20.058560
 877.000000 -0.346417 20.221741
 877.500000 -0.385225 20.537352
 878.000000 -0.297992 20.973160
 878.500000 -0.242516 21.353208
 879.000000 -0.252957 21.897154
 879.500000 -0.468572 22.569522
 880.000000 -0.430060 23.040835
 880.500000 -0.141315 23.293073
 881.000000 0.084997 23.573933
 881.500000 0.226213 23.641663
 882.000000 -0.053261 23.675568
 882.500000 -0.412712 23.367516
 883.000000 -0.581692 22.716964
 883.500000 -0.419469 22.057404
 884.000000 -0.241131 21.126340
 884.500000 -0.176943 20.279321
 885.000000 -0.209587 19.596177
 885.500000 -0.497250 19.305914
 886.000000 -0.658694 19.500474
 886.500000 -0.482107 19.828217
 887.000000 -0.365402 20.348958
 887.500000 -0.313912 21.245021
 888.000000 -0.420114 22.033290
 888.500000 -0.454049 22.847884
 889.000000 -0.188900 23.423804
 889.500000 0.071484 23.640884
 890.000000 0.015828 23.400664
 890.500000 -0.236309 22.822905
 891.000000 -0.700237 22.090403
 891.500000 -0.749248 21.331311
 892.000000 -0.355380 20.564000
 892.500000 -0.182600 20.171237
 893.000000 -0.472763 20.032187
 893.500000 -0.892751 20.328680
 894.000000 -0.883315 20.752373
 894.500000 -0.355659 21.191701
 895.000000 0.029831 21.353880
 895.500000 0.098251 21.482584
 896.000000 -0.203657 21.920602
 896.500000 -0.701301 22.235845
 897.000000 -0.994315 22.258146
 897.500000 -0.755435 22.132603
 898.000000 -0.042381 21.916453
 898.500000 0.315093 21.493988
 899.000000 -0.010750 20.937313
 899.500000 -0.628534 20.396548
 900.000000 -0.972382 20.085608
 900.500000 -0.830979 20.190270
 901.000000 -0.387140 20.452241
 901.500000 0.177046 20.879706
 902.000000 0.421473 21.296192
 902.500000 0.139931 21.871961
 903.000000 -0.463759 22.523260
 903.500000 -0.829066 22.911162
 904.000000 -0.503565 23.116443
 904.500000 -0.147928 22.956299
 905.000000 0.004872 22.667544
 905.500000 -0.354151 22.225566
 906.000000 -0.590088 21.803350
 906.500000 -0.375148 21.404217
 907.000000 -0.082524 20.916402
 907.500000 -0.071067 20.533985
 908.000000 -0.343046 20.456685
 908.500000 -0.581772 20.645032
 909.000000 -0.634228 20.793707
 909.500000 -0.416756 21.043364
 910.000000 -0.020543 21.249762
 910.500000 0.217640 21.436930
 911.000000 0.135825 21.774480
 911.500000 -0.510190 21.993719
 912.000000 -1.052922 22.208808
 912.500000 -0.819756 22.374447
 913.000000 -0.046851 22.451403
 913.500000 0.431450 22.566156
 914.000000 0.046338 22.597433
 914.500000 -0.617533 22.878322
 915.000000 -0.941502 23.086359
 915.500000 -0.559244 23.094084
 916.000000 0.272595 22.826638
 916.500000 0.417673 22.446653
 917.000000 -0.143381 22.056151
 917.500000 -0.753545 21.563018
 918.000000 -0.914212 20.917812
 918.500000 -0.621291 20.332909
 919.000000 -0.387970 19.705869
 919.500000 -0.324140 19.186001
 920.000000 -0.227270 18.807619
 920.500000 -0.419033 18.854468
 921.000000 -0.815284 19.440271
 921.500000 -0.864603 20.276409
 922.000000 -0.475374 21.518178
 922.500000 -0.115386 23.043165
 923.000000 0.242488 24.362770
 923.500000 0.118443 25.386790
 924.000000 -0.523263 25.865639
 924.500000 -0.974136 25.665565
 925.000000 -0.527988 25.046763
 925.500000 0.130663 24.225169
 926.000000 0.503422 23.144058
 926.500000 0.144802 22.081878
 927.000000 -0.538336 21.179198
 927.500000 -0.881049 20.469326
 928.000000 -0.656945 19.962085
 928.500000 -0.048725 19.632888
 929.000000 0.028436 19.479286
 929.500000 -0.386453 19.558344
 930.000000 -0.569402 19.828971
 930.500000 -0.380316 20.409651
 931.000000 -0.233108 21.061161
 931.500000 -0.242223 21.761584
 932.000000 -0.429064 22.670530
 932.500000 -0.433954 23.343530
 933.000000 -0.313203 23.834061
 933.500000 -0.188287 23.982662
 934.000000 -0.128052 23.813669
 934.500000 -0.262338 23.227498
 935.000000 -0.347989 22.345145
 935.500000 -0.229844 21.385722
 936.000000 -0.166358 20.347529
 936.500000 -0.311647 19.611879
 937.000000 -0.755267 18.949081
 937.500000 -0.879192 18.551014
 938.000000 -0.423736 18.612475
 938.500000 -0.034954 19.250773
 939.000000 0.013257 20.014557
 939.500000 -0.415327 20.867292
 940.000000 -0.737532 21.704817
 940.500000 -0.647998 22.540766
 941.000000 -0.280818 23.212192
 941.500000 0.272318 23.441558
 942.000000 0.402958 23.354969
 942.500000 -0.122663 23.113793
 943.000000 -0.753826 22.750021
 943.500000 -0.903148 22.306561
 944.000000 -0.362578 21.778625
 944.500000 0.268168 21.440167
 945.000000 0.232783 21.188369
 945.500000 -0.251706 21.078182
 946.000000 -0.702285 21.053364
 946.500000 -0.630611 21.177825
 947.000000 -0.162474 21.291446
 947.500000 0.142725 21.505619
 948.000000 -0.015125 21.737380
 948.500000 -0.334351 21.974320
 949.000000 -0.515600 22.232493
 949.500000 -0.582784 22.214931
 950.000000 -0.162234 22.128578
 950.500000 0.210821 21.966090
 951.000000 -0.013238 21.713683
 951.500000 -0.549498 21.700769
 952.000000 -0.877474 21.558486
 952.500000 -0.637506 21.284260
 953.000000 0.049662 21.138809
 953.500000 0.440586 21.145626
 954.000000 0.155915 21.271570
 954.500000 -0.599363 21.604937
 955.000000 -0.954555 21.923950
 955.500000 -0.611661 22.137465
 956.000000 0.067227 22.209947
 956.500000 0.257489 22.210748
 957.000000 -0.349190 22.114137
 957.500000 -0.915369 21.818619
 958.000000 -0.980840 21.364642
 958.500000 -0.737969 21.048120
 959.000000 -0.405393 20.834810
 959.500000 -0.217181 20.672664
 960.000000 -0.215480 20.630935
 960.500000 -0.463498 20.688767
 961.000000 -0.540053 21.143829
 961.500000 -0.615423 21.575892
 962.000000 -0.368072 21.802407
 962.500000 -0.142239 21.877951
 963.000000 -0.224592 21.970300
 963.500000 -0.528252 21.949365
 964.000000 -0.595314 21.821504
 964.500000 -0.453717 21.778939
 965.000000 -0.211861 21.705847
 965.500000 0.172323 21.771536
 966.000000 0.147719 21.954202
 966.500000 -0.164932 22.138839
 967.000000 -0.396865 22.323171
 967.500000 -0.607521 22.336039
 968.000000 -0.427780 22.201327
 968.500000 -0.093147 21.912935
 969.000000 0.063452 21.628250
 969.500000 -0.191730 21.105797
 970.000000 -0.581293 20.642831
 970.500000 -0.843309 20.297147
 971.000000 -0.937328 20.219495
 971.500000 -0.743049 20.470258
 972.000000 -0.211140 20.864331
 972.500000 0.246949 21.327627
 973.000000 -0.015388 21.706053
 973.500000 -0.773186 21.729217
 974.000000 -1.137079 21.718391
 974.500000 -0.853578 21.974935
 975.000000 0.095305 22.447063
 975.500000 0.644294 22.954328
 976.000000 0.103442 23.412181
 976.500000 -0.743976 23.722604
 977.000000 -1.032323 23.695643
 977.500000 -0.400225 23.349988
 978.000000 0.373900 22.797858
 978.500000 0.295332 22.089292
 979.000000 -0.422302 21.398439
 979.500000 -0.997472 20.965330
 980.000000 -0.814156 20.783216
 980.500000 -0.054817 20.657391
 981.000000 0.291433 20.685283
 981.500000 0.097636 20.823840
 982.000000 -0.329915 21.118403
 982.500000 -0.851718 21.351717
 983.000000 -1.031289 21.622501
 983.500000 -0.507850 21.728098
 984.000000 0.164711 21.703859
 984.500000 0.433555 21.573214
 985.000000 0.004446 21.524910
 985.500000 -0.639456 21.699673
 986.000000 -0.924131 21.908823
 986.500000 -0.834186 22.222228
 987.000000 -0.350131 22.552039
 987.500000 -0.014021 22.832777
 988.000000 -0.343836 23.163428
 988.500000 -0.628671 23.204699
 989.000000 -0.426024 23.088609
 989.500000 -0.208794 22.875265
 990.000000 -0.121408 22.510411
 990.500000 0.019536 22.291446
 991.000000 -0.116581 21.968752
 991.500000 -0.474364 21.708889
 992.000000 -0.640169 21.435542
 992.500000 -0.789281 21.342667
 993.000000 -0.588225 21.237625
 993.500000 -0.173705 21.085245
 994.000000 0.027623 21.315792
 994.500000 0.029243 21.708547
 995.000000 -0.155614 21.993266
 995.500000 -0.319426 22.117192
 996.000000 -0.346624 22.061181
 996.500000 -0.189753 22.123189
 997.000000 -0.093620 22.049935
 997.500000 -0.330733 21.916457
 998.000000 -0.439947 21.706023
 998.500000 -0.441743 21.657714
 999.000000 -0.531400 21.696867
 999.500000 -0.462746 21.763233
 1000.000000 -0.145470 21.815164
